1000
2 4 22
73 61 
65 2
99 2
78 1
20 1
1 3 45
63 
30 2
37 2
22 2
1 2 87
65 
32 1
57 1
1 5 91
97 
70 1
94 2
74 2
88 1
38 1
1 4 84
9 
97 2
69 1
56 2
16 1
2 7 70
43 52 
14 1
92 1
80 2
49 2
19 2
36 1
4 2
2 4 54
86 36 
4 1
96 1
67 2
4 2
1 7 2
28 
71 2
65 1
59 2
54 1
53 2
83 2
22 1
2 6 48
3 32 
79 1
75 2
49 2
12 1
22 1
88 2
2 5 15
60 27 
65 2
89 1
53 1
76 1
58 2
1 2 2
71 
3 2
21 1
3 7 83
35 12 53 
100 2
7 1
36 2
61 2
14 2
39 1
89 1
1 2 39
7 
2 1
7 1
4 8 2
5 11 30 65 
96 2
70 2
93 1
51 2
21 2
71 1
16 2
1 2
2 10 75
23 69 
30 2
82 2
10 2
69 1
71 1
71 1
50 2
21 2
65 1
60 2
3 7 88
37 1 14 
11 1
35 2
16 1
54 2
16 1
77 1
7 1
3 6 97
17 14 22 
24 1
30 2
21 1
36 2
18 2
85 2
3 7 17
24 52 97 
23 1
5 1
97 1
21 1
62 2
46 1
33 2
1 2 11
89 
64 2
10 1
2 5 63
37 16 
27 2
71 1
11 2
85 2
91 2
2 4 40
33 20 
46 2
7 2
52 1
26 2
1 2 73
26 
87 2
18 2
3 10 0
61 27 56 
84 1
35 1
10 2
32 1
11 2
8 2
29 1
80 2
68 2
55 2
1 5 82
97 
73 2
49 2
85 1
60 2
34 1
1 9 90
94 
37 2
30 1
2 2
82 2
86 1
43 1
74 1
80 2
79 2
1 6 2
1 
89 2
82 2
7 1
81 2
41 2
38 1
1 3 72
87 
18 2
59 1
33 1
1 3 63
57 
55 1
51 1
41 1
1 3 89
65 
77 1
84 2
56 1
3 6 72
28 37 80 
78 1
33 2
5 2
38 1
21 2
39 2
1 4 28
21 
38 1
64 2
96 1
1 1
1 3 62
93 
87 2
78 1
1 1
2 4 95
7 38 
74 2
81 1
81 1
86 2
2 7 29
8 45 
58 2
82 2
22 2
56 1
84 2
79 1
19 2
1 2 59
9 
5 1
74 1
1 10 4
85 
34 2
17 1
73 2
73 1
9 1
9 1
80 1
55 2
1 1
61 2
3 8 91
97 59 29 
71 1
21 1
71 2
63 1
73 2
37 2
61 2
7 1
3 6 51
40 1 9 
68 2
82 2
87 1
68 1
92 1
5 2
1 3 10
94 
70 2
80 2
58 1
5 10 63
46 19 45 76 65 
1 1
12 1
30 2
78 2
73 2
59 1
96 2
66 1
45 2
69 1
1 4 84
56 
80 1
44 2
46 2
40 1
2 5 64
90 53 
89 2
17 1
92 2
64 2
82 2
1 8 47
77 
82 2
99 2
54 1
32 2
11 1
32 2
72 1
47 2
1 2 11
50 
94 2
29 1
3 8 56
39 12 24 
97 1
79 2
51 1
58 2
71 1
88 1
68 2
87 1
2 7 50
78 42 
38 2
1 1
94 2
6 2
18 1
97 1
8 2
1 5 32
42 
97 2
40 1
50 1
74 1
91 1
2 9 43
15 32 
90 2
39 2
55 1
58 1
88 1
37 2
35 1
17 2
15 2
1 2 90
11 
4 2
30 2
1 10 50
13 
81 2
2 2
36 1
56 1
25 1
55 2
61 1
6 2
3 2
100 1
1 8 49
44 
24 2
34 2
57 2
29 2
41 2
41 1
97 1
55 2
3 9 74
49 93 30 
86 1
51 2
87 1
98 1
53 2
52 1
3 2
74 2
33 1
2 4 37
59 81 
97 2
68 2
25 2
48 2
1 2 59
21 
80 1
96 1
3 10 6
20 32 8 
95 2
45 1
71 2
88 1
14 1
47 1
82 1
10 1
64 1
73 1
2 8 25
84 98 
9 1
52 2
8 2
66 1
6 1
21 2
30 2
96 2
2 7 35
97 1 
47 2
87 1
36 2
62 1
25 2
37 1
57 1
4 9 32
97 19 9 8 
65 1
54 1
89 2
75 2
6 2
97 1
47 1
67 2
33 1
1 10 3
36 
65 2
82 1
16 1
96 1
38 2
91 2
45 2
68 2
19 1
52 2
2 6 52
100 5 
3 2
22 2
57 1
31 1
95 2
65 1
3 9 47
35 75 87 
7 2
72 1
54 1
47 2
82 2
85 1
53 1
44 1
40 1
2 6 66
38 81 
87 1
73 2
51 1
6 2
68 1
84 2
1 3 95
75 
22 2
43 1
79 1
2 6 28
38 98 
40 2
3 1
69 1
64 2
51 1
62 1
2 4 24
69 75 
30 1
69 2
86 1
50 1
2 5 5
13 89 
92 2
21 1
39 1
96 2
33 1
2 4 68
30 61 
95 2
23 1
32 2
98 2
1 3 28
82 
88 2
32 1
63 1
3 8 75
23 13 6 
80 1
10 2
39 2
92 2
20 1
40 1
28 2
1 2
4 8 60
5 89 60 16 
93 2
68 2
79 2
48 2
7 1
28 2
1 1
29 2
2 4 28
91 52 
55 2
92 1
32 2
77 2
1 9 75
42 
64 2
18 2
20 2
84 2
8 2
40 1
29 1
95 1
16 2
1 3 91
15 
17 1
11 1
56 1
4 10 65
80 91 98 47 
4 1
79 1
49 2
40 1
6 1
58 1
21 2
84 2
1 1
46 1
1 3 79
60 
48 1
23 1
47 2
2 8 33
22 93 
39 1
34 2
53 1
5 1
46 2
27 1
40 1
39 2
2 10 65
30 68 
15 2
15 1
86 2
93 2
37 2
63 2
6 1
37 1
22 2
44 2
2 5 75
31 17 
40 1
36 2
19 2
4 1
71 1
1 4 59
53 
2 1
54 2
42 2
26 2
1 6 49
99 
42 1
68 2
20 1
68 1
26 2
100 2
1 10 71
78 
2 1
5 2
43 2
22 1
75 2
2 2
96 2
40 1
23 2
76 2
1 8 33
3 
7 2
5 1
16 2
25 1
69 1
83 1
82 1
68 2
1 3 68
8 
33 2
71 1
89 1
1 9 8
96 
27 1
18 2
24 2
56 2
75 2
85 2
83 1
12 1
17 1
1 2 43
47 
50 1
38 2
2 6 57
92 52 
80 1
84 2
65 1
89 1
95 2
95 1
1 9 15
35 
16 2
82 1
49 1
58 2
55 2
1 2
99 1
75 1
74 1
3 9 21
71 95 48 
53 1
53 1
29 1
37 2
6 2
26 2
13 1
43 1
78 2
3 7 56
91 80 41 
50 1
54 1
73 1
94 1
91 2
30 2
98 2
1 6 25
8 
78 1
65 2
62 1
12 1
100 2
24 2
1 3 31
51 
64 2
99 1
62 2
1 3 63
99 
36 2
13 1
76 2
1 2 55
86 
34 2
35 2
1 8 86
65 
38 1
100 2
21 1
84 2
35 2
62 2
74 1
15 2
4 10 11
57 72 55 1 
51 2
28 2
93 2
50 1
61 2
44 2
97 2
46 1
43 1
30 2
1 8 94
43 
76 1
19 2
89 2
95 2
91 2
46 2
75 1
32 2
1 2 43
32 
88 1
83 1
2 9 21
52 62 
11 1
63 2
92 2
88 1
3 2
48 1
45 2
1 1
58 2
5 10 21
41 85 5 81 12 
40 1
27 2
44 1
31 1
92 1
33 2
5 1
69 1
70 2
78 2
1 5 9
82 
45 2
44 2
32 2
16 2
24 1
1 4 16
95 
41 1
47 1
29 2
56 1
1 7 86
60 
28 2
92 2
93 2
1 2
77 2
85 2
31 1
2 10 85
52 41 
58 1
62 2
38 1
95 2
65 2
65 1
18 2
36 1
42 2
1 2
1 2 94
40 
52 2
91 2
1 2 0
70 
14 2
26 2
1 2 98
95 
42 1
65 1
2 4 77
39 11 
89 2
70 1
12 2
12 1
2 5 96
17 73 
18 1
94 1
99 1
14 2
89 2
1 6 43
89 
14 2
92 1
57 1
57 1
38 2
41 1
3 8 99
69 27 41 
15 1
39 1
44 2
2 2
57 2
28 2
31 2
83 1
2 5 38
90 98 
59 1
13 1
42 1
75 1
59 2
1 3 80
61 
20 2
13 1
32 2
2 6 45
52 16 
71 2
88 2
90 1
68 2
84 2
76 1
3 10 7
48 66 97 
92 2
11 1
47 1
43 1
11 2
57 1
64 2
55 2
86 2
49 1
1 4 90
79 
86 2
75 1
25 1
15 2
1 3 85
30 
28 1
48 2
62 1
1 3 27
29 
3 2
20 1
33 2
2 5 71
79 27 
73 1
19 2
67 1
58 2
23 2
1 2 4
67 
82 1
20 2
1 3 55
34 
17 1
74 1
12 1
2 7 90
61 8 
6 2
36 1
44 1
80 1
17 1
85 1
19 1
1 2 1
80 
92 1
1 2
1 7 94
3 
52 2
46 2
2 2
84 2
74 1
19 1
97 2
1 3 12
45 
81 2
17 1
36 1
3 6 70
87 19 25 
72 2
24 2
96 2
44 1
44 2
83 2
1 2 97
75 
18 1
6 1
2 9 47
54 36 
31 1
39 2
72 2
8 1
97 1
65 2
1 2
28 2
4 2
1 8 66
20 
22 2
78 1
96 2
62 1
55 2
17 2
73 2
46 1
1 5 66
98 
91 1
37 2
43 1
99 2
66 2
3 10 27
69 70 83 
84 2
85 2
29 2
63 1
22 1
5 1
31 1
40 2
13 1
33 1
1 2 2
61 
30 2
60 2
2 5 40
12 10 
7 2
64 2
77 1
53 1
45 1
3 7 55
11 93 76 
49 2
87 2
50 1
38 1
75 1
56 2
35 1
1 2 68
77 
63 2
91 2
1 7 20
96 
31 1
45 1
78 2
47 2
64 2
22 1
75 2
2 4 85
73 51 
1 1
59 1
39 2
35 1
1 2 53
69 
91 1
63 1
1 2 95
94 
49 2
71 1
2 8 80
48 51 
44 1
63 2
51 2
21 2
94 2
20 1
90 2
28 2
1 5 46
45 
67 2
14 1
8 1
68 2
41 1
1 9 92
52 
80 2
32 1
59 2
99 1
70 2
87 1
27 2
51 2
77 2
2 10 87
87 99 
80 1
20 1
18 1
53 2
37 2
57 2
29 2
74 2
86 2
79 2
1 3 4
42 
93 1
100 1
63 1
1 3 98
83 
6 2
78 2
10 2
1 2 65
12 
64 1
72 1
1 2 51
95 
17 2
97 2
1 2 15
62 
26 2
85 2
5 10 26
11 1 6 36 71 
26 1
37 1
51 2
18 2
5 1
53 2
37 2
75 1
24 2
23 1
4 9 27
16 95 61 1 
54 2
52 2
81 2
61 1
65 2
35 2
72 1
9 1
10 2
2 9 10
66 12 
41 1
52 1
78 1
43 1
55 1
68 1
56 2
51 2
41 2
1 8 91
100 
81 1
99 2
12 1
75 1
59 2
37 2
95 1
23 2
1 2 29
84 
52 1
34 2
1 5 38
21 
41 2
27 2
35 2
57 1
44 2
3 6 87
2 19 66 
82 2
11 1
38 2
77 1
10 2
18 1
3 7 62
73 68 22 
90 1
67 1
67 2
59 1
55 2
93 1
11 2
5 10 86
26 40 48 56 72 
88 2
86 1
47 2
42 2
11 2
89 1
89 1
45 1
5 1
8 1
1 3 44
18 
78 1
54 2
28 2
2 5 31
89 12 
100 1
65 2
69 2
61 1
50 2
1 2 94
29 
25 1
95 1
3 6 35
60 97 44 
99 2
88 2
15 2
57 1
99 1
39 1
2 4 30
63 35 
2 2
3 2
17 2
41 2
2 7 33
2 94 
26 1
59 2
98 2
43 2
92 2
1 2
14 2
4 10 82
60 35 54 88 
10 2
91 2
17 1
94 1
11 1
73 2
2 2
82 2
52 1
81 2
1 4 59
86 
79 1
100 1
35 2
55 2
1 2 7
75 
87 1
26 2
1 7 60
94 
11 1
57 1
100 2
92 1
2 1
50 1
9 1
2 9 37
85 18 
56 2
72 1
32 2
65 1
28 2
65 1
96 1
2 1
84 2
1 3 51
82 
1 2
99 2
47 1
4 8 45
47 83 9 8 
54 2
70 2
13 1
30 1
63 1
41 1
69 2
15 2
4 10 23
99 87 100 24 
32 2
72 1
78 2
7 1
55 1
65 2
69 2
73 2
4 1
90 2
1 4 3
44 
10 2
46 1
38 1
50 2
2 9 34
7 76 
26 1
55 2
16 2
34 2
4 1
82 2
1 2
77 1
55 2
1 9 97
31 
68 2
84 1
100 1
69 1
91 1
44 1
20 1
31 1
78 1
2 6 60
91 53 
61 1
6 1
21 1
55 2
75 1
96 1
3 7 7
4 82 30 
59 1
69 2
35 2
71 1
40 2
96 2
99 2
1 6 53
62 
16 2
67 1
3 2
83 2
43 1
69 2
1 8 78
2 
16 2
34 2
38 2
56 1
53 2
79 2
55 2
29 2
1 3 74
11 
94 1
14 2
7 1
1 3 95
99 
33 2
61 2
76 2
4 10 75
66 58 21 76 
97 1
16 2
83 2
13 1
33 2
92 2
74 2
24 2
91 2
80 2
1 5 2
90 
47 1
16 1
9 1
98 2
13 2
1 5 49
95 
17 1
85 2
87 1
19 2
43 2
1 2 16
20 
30 1
86 1
2 6 66
1 99 
75 2
2 2
68 2
64 2
16 1
45 2
1 3 14
52 
50 1
38 1
45 2
1 3 4
17 
46 1
100 2
49 1
2 5 50
74 90 
16 1
74 2
97 2
79 2
89 1
3 7 55
48 30 57 
40 2
18 2
96 1
7 1
57 2
22 2
70 1
1 9 55
3 
27 2
77 1
12 1
16 1
93 1
18 1
83 1
67 2
63 2
4 10 95
64 43 53 91 
13 1
91 1
98 2
46 1
30 1
26 1
45 1
25 1
39 1
40 2
1 8 77
53 
64 1
23 2
64 2
82 2
22 1
63 2
69 1
30 1
3 8 63
87 17 50 
61 1
67 1
33 2
34 1
99 1
67 1
30 1
3 2
2 5 30
83 44 
13 2
16 2
85 2
64 1
4 2
2 4 97
36 93 
87 2
20 2
78 1
5 2
2 5 48
87 95 
15 2
64 2
90 2
57 1
17 2
1 2 20
68 
21 1
17 2
1 3 10
83 
47 1
40 1
42 2
3 9 70
12 27 52 
35 1
92 1
17 2
95 1
24 1
48 2
11 2
41 2
1 2
2 4 77
81 86 
93 2
96 1
85 2
80 1
4 9 67
70 67 53 38 
78 2
50 2
2 1
38 2
20 2
5 2
18 2
40 1
29 1
2 10 16
31 7 
5 1
50 1
45 1
37 1
41 1
95 2
64 2
80 1
3 1
60 2
1 5 50
82 
61 2
79 1
87 1
59 2
6 1
1 10 38
86 
29 2
70 2
38 1
31 1
94 1
55 2
91 2
63 2
89 2
10 1
2 6 24
22 24 
44 2
24 2
11 2
43 2
33 2
36 2
2 8 0
15 35 
35 1
51 1
100 2
52 1
42 2
35 2
51 2
72 2
4 9 95
14 75 85 62 
98 1
11 1
27 1
18 1
7 1
8 1
3 2
14 2
64 2
1 6 48
39 
42 2
67 1
48 1
27 1
47 2
10 2
2 6 50
41 90 
60 1
22 2
17 1
56 1
56 2
94 2
1 2 97
15 
74 1
45 2
2 9 54
3 33 
62 1
55 2
67 2
49 1
55 2
45 1
48 1
43 1
33 2
1 2 75
37 
98 2
42 2
3 6 39
98 23 37 
41 1
67 2
79 1
35 2
15 2
87 2
1 8 18
13 
55 2
5 1
31 1
64 2
58 1
5 2
16 1
20 1
3 9 80
67 40 18 
87 1
37 2
53 2
18 2
27 1
52 1
4 1
31 2
57 2
1 9 47
27 
54 1
42 2
97 2
1 2
77 2
82 2
31 2
39 2
54 1
1 5 31
88 
87 2
60 1
21 2
34 1
43 1
1 10 71
70 
90 1
19 1
31 2
37 2
39 2
64 2
21 1
79 2
64 2
61 1
1 3 70
27 
77 1
33 2
26 1
1 2 37
100 
47 1
89 1
1 9 32
100 
98 2
98 1
61 2
79 2
77 1
33 2
93 1
70 2
51 2
3 6 7
87 2 2 
80 1
11 1
89 1
71 1
63 1
49 1
1 5 32
91 
10 1
70 2
9 1
57 2
77 2
2 7 64
45 37 
41 2
35 2
21 1
7 2
1 1
98 2
77 1
3 6 57
21 25 24 
15 1
100 1
72 2
16 1
44 2
75 2
1 9 95
64 
18 2
67 2
93 2
88 2
89 2
8 2
44 1
87 1
58 2
1 6 69
61 
15 1
48 1
72 2
47 2
32 2
9 2
2 7 81
53 75 
41 2
5 1
76 1
21 2
24 1
14 1
76 2
1 2 14
57 
17 2
17 2
2 8 25
28 8 
47 2
99 1
74 1
73 1
14 2
38 1
54 2
37 2
3 10 64
80 80 40 
91 1
57 1
93 2
39 1
1 1
78 2
19 1
42 2
13 1
43 1
1 6 26
73 
65 1
78 1
87 2
25 2
30 2
50 2
1 3 53
18 
94 2
28 2
40 1
3 7 17
84 10 44 
36 1
99 1
80 2
87 1
45 1
91 1
26 2
2 4 74
13 97 
70 1
82 2
55 2
98 2
1 4 81
78 
42 1
30 2
60 2
77 1
3 9 9
69 52 91 
44 2
38 2
97 2
75 1
60 1
40 1
45 2
20 1
40 1
1 6 85
18 
40 1
27 2
31 2
63 1
38 2
59 1
2 9 58
28 64 
50 1
82 2
43 2
91 1
30 2
16 1
87 1
61 1
8 2
1 8 54
99 
35 2
85 1
98 1
44 1
54 2
47 2
79 1
84 1
1 3 30
55 
73 1
53 2
24 1
2 7 95
88 89 
36 2
61 2
57 1
16 1
16 1
18 2
100 2
1 3 2
33 
47 2
59 2
36 1
2 5 92
94 64 
96 2
87 1
39 1
71 2
29 1
1 6 80
40 
70 1
91 1
35 1
80 2
32 2
48 2
1 2 74
10 
28 1
15 2
1 2 20
58 
33 1
21 1
3 7 62
62 72 98 
71 1
4 2
21 1
48 2
65 1
73 2
85 2
1 10 88
75 
39 2
86 2
29 1
50 1
42 2
87 2
17 2
34 2
21 2
10 1
1 2 64
84 
75 2
21 2
2 8 82
55 66 
98 1
79 1
42 2
22 1
31 2
8 2
79 2
33 1
3 8 85
3 2 37 
92 1
72 1
11 2
24 1
5 1
46 2
85 2
87 1
2 10 21
39 79 
17 1
3 2
60 1
29 1
87 2
36 1
43 1
54 2
96 1
29 2
1 2 5
66 
58 2
8 1
2 5 33
14 39 
59 2
50 2
46 1
13 2
40 1
3 10 22
62 23 89 
98 1
17 2
72 1
81 1
12 1
89 2
84 2
14 1
14 1
28 2
3 6 33
72 59 21 
40 1
76 1
82 2
20 1
19 1
10 2
1 5 51
65 
60 2
16 2
26 2
3 2
76 2
2 6 84
47 78 
64 2
3 1
29 2
56 1
58 2
43 2
1 3 92
69 
36 1
100 1
53 1
2 7 63
85 42 
35 2
91 1
2 2
42 1
58 2
21 1
10 2
1 3 98
61 
35 1
86 2
71 2
1 6 70
59 
58 1
75 1
40 1
19 2
2 2
42 2
1 3 76
7 
50 1
73 1
29 2
3 6 59
83 75 52 
31 2
24 2
63 2
31 1
69 2
85 1
1 10 80
26 
27 1
1 2
48 2
24 2
79 1
10 2
55 1
91 1
30 1
61 2
1 5 26
72 
34 2
50 2
18 1
27 2
98 2
3 8 63
44 21 46 
21 2
59 2
35 2
22 2
87 1
55 2
91 2
38 1
1 3 12
95 
30 2
85 2
74 2
1 3 31
90 
83 2
79 2
2 2
1 10 64
94 
94 1
88 1
73 1
97 1
23 2
26 1
46 1
46 1
25 1
47 1
3 8 89
36 32 98 
59 2
25 1
10 2
30 2
23 1
2 1
98 1
35 1
1 2 89
2 
66 2
42 2
2 6 83
52 50 
35 2
54 2
49 2
16 2
27 2
36 2
1 2 10
64 
88 2
61 2
3 6 85
66 17 96 
38 1
62 1
92 1
6 1
100 2
3 1
2 6 69
73 60 
32 2
52 1
47 1
87 2
80 2
6 2
4 9 83
71 20 37 71 
40 2
45 2
82 2
23 1
84 2
88 2
43 2
42 2
5 1
1 3 14
2 
30 1
57 1
82 1
2 4 57
44 47 
76 2
24 2
92 2
7 2
3 9 42
32 67 80 
45 2
78 2
26 2
55 1
54 1
61 2
10 2
13 2
13 1
4 8 19
40 5 89 68 
39 2
5 1
87 1
81 1
44 1
61 1
15 1
19 2
2 8 30
71 62 
96 2
28 2
64 2
96 1
100 1
14 2
62 1
52 2
1 8 41
96 
26 1
69 1
95 2
96 2
14 2
11 2
23 1
78 2
1 4 35
68 
9 2
6 1
75 1
1 1
5 10 58
91 80 22 88 66 
19 2
43 1
26 1
92 1
27 2
87 1
46 1
76 2
13 1
37 1
2 8 91
69 40 
19 1
73 1
25 2
2 2
35 1
58 2
96 2
37 1
3 9 73
45 54 40 
62 1
30 1
19 2
96 2
79 2
84 1
47 1
23 2
55 1
3 7 50
91 58 16 
23 2
28 1
78 1
26 2
48 1
77 1
19 1
2 10 50
34 13 
45 1
18 1
52 1
28 2
99 1
25 1
46 1
67 2
35 2
7 2
1 4 22
93 
26 1
16 1
80 1
68 1
2 4 64
77 18 
90 2
69 2
19 2
64 2
3 10 44
59 18 78 
25 1
50 1
26 2
27 1
66 1
68 2
75 1
46 1
4 1
92 1
4 9 27
90 80 13 33 
49 2
14 1
38 2
49 1
59 1
77 1
66 1
51 1
68 2
2 8 15
38 26 
91 1
75 2
91 2
46 2
50 1
51 1
53 1
45 2
1 2 75
22 
10 1
84 2
2 8 97
77 58 
35 2
11 2
18 1
15 1
48 2
15 1
40 1
25 2
1 8 29
75 
49 1
4 1
98 1
64 1
93 2
44 1
96 1
69 2
3 6 23
68 6 41 
82 1
22 1
76 1
83 2
32 1
4 2
3 7 44
7 34 88 
60 1
38 1
77 1
54 2
57 1
54 2
47 2
2 8 4
46 19 
7 1
77 2
54 1
36 2
86 2
73 2
22 1
30 2
3 6 2
7 65 4 
72 2
40 1
8 2
33 2
98 1
28 2
1 3 55
75 
31 2
54 1
53 2
5 10 74
54 69 89 74 56 
74 2
29 1
26 1
28 1
50 1
70 1
9 2
37 1
47 2
32 1
2 6 27
10 58 
80 2
29 1
51 2
81 2
52 1
100 2
1 3 50
69 
58 1
22 1
41 1
3 9 79
45 52 63 
21 2
74 1
80 1
98 1
26 1
85 1
86 2
33 2
94 2
1 2 36
22 
80 1
7 1
1 2 69
44 
10 2
64 2
1 8 12
17 
30 1
2 1
86 2
34 2
31 1
100 1
74 2
89 2
1 9 14
23 
99 1
66 1
22 2
19 1
33 1
62 1
92 2
60 2
26 2
2 5 17
78 49 
94 2
76 2
91 2
36 2
19 1
3 7 24
94 43 92 
59 1
22 1
22 1
24 2
7 1
4 2
26 1
2 10 68
93 14 
66 2
13 2
95 1
97 2
94 2
7 2
18 2
84 1
45 2
10 1
2 6 45
21 12 
78 1
52 1
14 2
79 2
47 1
33 2
1 6 77
97 
9 1
64 1
70 1
81 2
64 1
35 2
1 9 34
54 
18 2
65 2
9 2
46 1
84 1
87 1
77 1
73 2
77 2
1 2 90
69 
98 1
65 1
3 7 17
29 77 85 
32 2
91 2
50 1
27 2
80 1
80 2
26 1
2 5 17
38 80 
97 1
55 1
52 1
92 2
44 2
4 8 42
2 88 4 69 
49 1
16 2
79 2
9 2
14 1
100 2
33 1
16 1
1 3 64
75 
62 1
29 2
81 2
5 10 45
11 93 38 66 55 
2 2
62 2
25 1
79 1
97 2
20 2
81 1
38 2
74 2
12 1
3 10 36
6 51 2 
79 1
45 2
77 1
60 1
3 1
41 2
36 1
46 1
44 2
40 2
1 3 92
78 
90 1
39 1
25 1
1 2 12
65 
2 1
42 2
3 10 78
6 93 55 
21 1
64 2
1 1
13 2
31 2
40 1
3 1
55 1
69 2
29 1
1 5 27
49 
2 1
34 1
66 1
72 1
14 2
5 10 87
55 43 87 80 70 
64 1
27 2
87 2
45 2
86 1
3 1
80 1
11 1
59 2
5 1
3 10 46
60 77 78 
31 2
99 1
3 1
100 2
34 1
47 2
41 2
45 1
48 2
6 1
2 9 38
77 34 
16 2
82 1
19 2
86 1
36 2
96 2
12 1
52 1
5 1
2 6 0
95 86 
42 1
9 2
52 2
81 2
59 2
59 2
2 4 80
24 97 
22 1
98 1
44 1
81 2
1 3 76
94 
3 2
18 2
51 1
3 8 23
30 37 18 
44 1
65 2
5 1
61 1
49 1
51 1
30 2
46 2
1 2 92
38 
84 2
81 2
4 9 50
97 86 41 54 
81 2
61 2
84 2
99 1
99 1
82 2
46 1
19 1
100 2
3 9 81
82 27 94 
19 1
16 1
21 1
75 1
51 1
21 1
66 2
5 2
12 2
1 6 38
3 
47 1
58 2
85 2
27 2
44 1
9 1
2 5 25
55 35 
32 1
64 2
5 2
35 2
33 1
1 3 17
19 
70 2
12 1
33 1
1 5 39
22 
91 1
80 1
37 1
62 1
77 2
1 4 63
69 
33 1
59 2
20 1
84 2
1 3 26
84 
79 2
55 1
9 1
1 6 12
69 
74 1
19 1
99 1
13 1
37 1
43 2
1 5 17
2 
45 2
54 2
22 2
79 2
33 2
1 5 45
42 
40 2
22 1
94 1
53 1
46 2
2 7 71
77 57 
58 1
48 1
23 2
93 1
14 1
2 2
17 1
1 7 36
11 
22 1
14 2
55 1
53 2
89 2
50 1
22 1
2 8 18
78 7 
6 1
93 1
52 2
78 1
86 1
5 1
18 1
37 1
2 10 58
77 95 
99 1
52 2
43 2
99 2
16 1
33 1
89 2
56 1
16 2
35 1
1 2 88
55 
38 2
16 2
1 3 60
24 
53 1
53 1
29 2
3 6 58
41 89 12 
43 2
24 1
14 2
100 1
95 1
11 1
4 9 95
95 90 17 63 
68 1
6 2
8 2
2 1
24 2
79 2
76 1
54 2
82 1
3 6 88
69 92 81 
10 2
49 1
19 2
97 1
7 1
75 2
2 8 99
47 64 
29 1
39 1
11 2
52 2
5 1
34 2
59 1
97 2
1 3 94
45 
10 2
28 1
70 2
1 5 56
57 
26 1
20 2
82 2
61 1
29 2
5 10 66
36 57 95 54 89 
29 2
9 1
36 2
8 1
82 1
13 1
25 2
2 2
21 2
18 2
1 2 92
86 
3 2
36 2
2 10 11
58 52 
59 2
10 2
38 1
8 2
37 1
38 2
56 1
64 2
4 1
42 1
1 10 34
15 
76 2
58 1
43 2
19 1
13 1
53 1
35 1
21 1
91 1
41 1
3 7 25
43 35 33 
3 1
86 1
39 1
76 1
1 2
68 2
54 1
3 7 37
14 28 68 
10 1
54 1
81 1
65 1
30 2
81 2
78 1
1 5 98
13 
81 1
23 1
8 1
13 2
95 2
2 7 97
44 74 
80 2
30 1
66 2
55 2
56 1
80 2
92 2
1 3 91
7 
33 1
35 1
34 2
2 7 87
29 53 
100 2
12 1
57 2
36 2
60 1
12 1
83 2
1 9 5
35 
45 1
39 2
16 2
19 1
1 1
10 1
63 1
38 2
97 2
3 8 62
84 80 7 
74 2
87 2
81 2
37 2
77 1
16 1
18 1
57 1
2 5 92
15 32 
26 2
69 2
99 2
90 1
64 2
1 7 89
42 
62 2
43 2
75 2
94 1
18 1
55 1
71 2
1 5 1
98 
25 2
77 1
32 2
4 1
97 1
3 6 99
41 91 27 
76 2
75 1
70 1
19 2
7 1
70 1
5 10 30
45 38 27 16 97 
39 1
83 2
62 1
86 2
94 1
78 2
68 2
90 1
87 2
45 2
1 4 0
24 
22 2
62 2
14 1
98 1
1 5 97
45 
79 1
13 1
99 1
59 1
70 1
4 10 46
33 23 76 68 
67 1
85 1
28 2
50 1
10 2
21 2
61 2
23 2
82 2
97 2
4 10 37
6 39 91 61 
75 1
65 2
33 1
4 1
100 1
30 1
49 1
80 2
88 1
64 2
3 6 21
8 21 40 
99 2
45 1
31 2
86 2
94 1
59 1
2 6 48
50 3 
15 1
2 2
16 1
5 1
35 2
57 2
1 2 42
42 
46 2
62 2
1 3 82
56 
58 1
61 1
20 1
1 3 82
58 
51 2
64 2
82 2
1 4 67
56 
20 1
85 1
17 2
56 1
1 3 38
74 
47 2
70 2
60 1
4 9 85
87 40 47 10 
97 1
48 1
87 2
84 2
1 2
79 2
10 1
100 2
41 1
5 10 31
58 69 29 50 9 
31 2
86 1
55 2
69 1
40 2
28 2
82 1
18 1
16 1
95 1
3 6 25
70 55 47 
69 1
28 2
10 2
52 2
51 2
74 2
2 4 66
52 2 
91 1
47 1
17 1
100 2
1 9 44
67 
53 2
27 2
68 1
89 2
20 1
41 2
69 2
86 2
67 1
4 8 82
88 51 63 88 
97 1
65 1
40 2
56 1
43 2
47 1
81 1
10 1
1 4 21
100 
99 1
29 2
93 1
7 1
3 8 76
43 81 50 
10 1
6 2
12 1
21 1
97 2
23 1
62 1
17 2
2 8 42
33 24 
25 2
66 1
31 1
37 2
46 1
87 1
14 2
94 1
1 2 53
11 
18 1
5 1
3 6 79
99 85 15 
8 1
80 1
34 2
54 2
95 2
23 1
1 3 17
15 
12 2
84 1
49 1
1 7 62
87 
69 1
76 1
32 1
34 1
80 1
42 1
96 2
2 9 31
72 44 
37 1
63 1
70 1
93 1
66 2
60 2
16 2
28 2
39 1
3 8 41
98 67 58 
75 1
5 1
27 1
44 2
4 2
81 1
4 2
59 2
5 10 21
85 3 48 72 8 
30 1
84 2
39 2
67 1
32 1
31 2
57 1
70 1
2 1
39 1
4 10 53
61 99 74 34 
49 2
6 1
25 1
32 1
49 1
17 1
25 1
82 1
52 2
59 2
1 7 0
63 
83 1
20 2
64 1
4 1
42 2
27 1
75 2
2 7 58
60 71 
38 2
89 2
18 2
83 2
59 2
37 2
19 1
3 6 54
58 50 97 
100 1
4 1
84 1
32 2
62 2
20 1
4 8 3
94 47 94 18 
62 2
42 2
25 2
17 1
52 1
20 1
49 1
78 2
1 3 53
26 
74 2
34 2
58 1
1 4 13
66 
62 1
3 1
62 2
39 2
1 2 77
21 
78 2
34 1
1 3 75
30 
22 1
12 2
52 1
2 9 65
96 47 
21 2
76 2
94 1
86 1
56 2
22 2
4 2
39 1
39 1
1 5 57
68 
9 1
2 1
49 1
66 1
33 1
4 8 83
23 72 59 27 
81 2
98 2
57 2
97 2
36 2
83 1
13 1
43 2
5 10 79
15 59 58 30 70 
74 2
19 2
25 1
9 2
20 1
96 1
39 1
82 2
61 1
61 2
1 10 88
39 
38 1
26 2
8 1
65 1
87 2
14 1
95 2
16 2
7 1
56 1
2 6 42
45 36 
32 2
48 2
91 1
25 2
46 2
26 2
2 7 41
86 96 
18 1
65 2
86 1
11 2
4 1
23 2
40 1
1 2 46
38 
55 1
41 2
2 5 62
11 23 
82 1
61 2
49 2
70 2
58 2
2 7 84
98 66 
20 1
57 2
52 2
83 1
46 1
92 1
83 2
3 9 15
2 78 49 
47 2
48 1
37 1
45 2
64 2
3 2
11 2
57 1
58 1
1 6 88
83 
1 2
67 1
67 2
63 2
68 2
85 2
3 9 76
77 72 56 
36 2
87 1
48 1
98 2
50 1
38 1
31 2
36 1
10 2
2 4 62
19 21 
74 2
77 1
14 2
98 1
3 6 99
18 72 46 
34 1
27 2
75 2
54 1
86 1
65 2
3 10 60
44 84 74 
87 2
42 1
10 2
64 2
77 2
40 1
32 2
21 1
92 2
86 1
3 7 92
6 67 99 
6 2
28 2
100 2
85 1
96 2
15 1
69 2
2 7 71
88 95 
81 2
22 2
13 2
84 1
72 1
82 2
16 2
1 3 34
41 
7 1
79 2
25 2
2 4 84
4 51 
74 2
82 1
61 2
51 1
1 5 80
8 
69 1
43 2
16 2
80 1
29 1
2 10 86
39 84 
63 2
16 2
93 1
69 2
21 1
21 2
6 2
31 1
30 1
35 1
2 7 95
21 55 
2 1
18 2
60 2
38 1
40 1
25 1
52 1
2 8 71
100 36 
28 1
26 1
56 2
73 1
69 1
53 1
43 2
4 1
2 4 58
18 61 
73 2
56 2
52 2
72 2
1 5 62
60 
81 1
30 2
86 1
15 2
42 2
2 7 95
24 79 
7 2
16 1
30 1
78 2
2 1
92 1
86 1
3 9 25
10 42 37 
53 2
17 2
45 2
80 2
95 2
100 1
42 2
58 2
39 2
2 4 40
96 37 
38 1
40 1
60 2
28 2
1 4 5
4 
21 1
63 2
42 1
2 1
3 8 25
52 56 20 
96 1
2 2
25 2
59 1
56 2
29 2
51 2
100 1
1 8 34
43 
11 1
93 1
39 2
68 2
57 1
70 1
22 2
27 1
3 10 14
91 100 45 
90 1
22 1
45 2
7 2
64 1
49 2
40 1
80 1
71 1
32 1
3 9 32
13 55 42 
72 1
82 2
28 2
96 1
87 1
98 1
10 2
76 1
50 2
3 7 72
33 79 76 
49 2
3 2
11 2
20 2
2 1
65 1
44 2
2 9 20
92 29 
49 1
86 1
30 2
52 1
27 1
48 2
83 1
63 1
51 1
1 8 63
99 
94 1
99 1
15 2
87 1
78 1
38 2
33 2
78 2
1 5 56
76 
31 2
23 2
85 1
64 1
65 1
1 2 3
6 
23 2
52 2
2 6 95
32 69 
29 2
30 2
17 1
18 2
25 2
93 1
1 6 48
56 
39 2
78 2
6 2
56 1
5 1
67 1
1 3 31
40 
12 2
36 1
47 1
1 2 1
95 
50 2
45 2
4 8 92
82 66 21 88 
96 2
55 1
91 1
90 1
58 1
43 1
72 1
57 1
5 10 79
32 57 13 63 27 
18 2
50 2
57 1
96 1
23 1
19 1
24 1
40 2
55 2
28 1
1 2 58
48 
75 1
80 2
3 6 40
22 4 24 
25 1
79 1
38 1
60 1
32 2
13 1
4 9 91
29 13 64 88 
73 1
83 2
2 2
27 2
23 2
82 2
48 1
62 2
45 2
4 9 33
11 75 5 94 
54 2
86 2
5 1
7 2
11 1
45 1
15 2
94 2
55 2
1 10 86
20 
66 1
93 1
51 1
63 1
38 1
91 1
25 2
9 1
56 2
13 1
3 8 2
90 56 100 
40 2
51 1
83 1
41 2
36 1
73 2
92 2
34 1
1 5 0
80 
24 1
38 2
40 1
27 2
20 1
1 4 38
4 
92 2
75 1
41 1
72 1
1 4 66
70 
34 1
51 1
5 2
42 1
1 3 82
85 
80 1
10 1
66 1
4 8 69
77 53 50 67 
18 2
42 2
70 2
34 1
55 1
22 2
95 2
80 1
2 4 94
96 95 
17 1
39 2
41 2
65 2
1 2 78
87 
13 2
56 2
1 7 16
5 
68 1
93 2
8 1
92 1
50 1
90 1
10 1
3 9 82
56 28 59 
9 2
17 1
38 2
61 2
66 1
17 2
45 1
12 2
84 1
2 6 41
93 80 
32 1
92 2
83 2
71 2
58 1
35 1
1 3 70
32 
62 1
90 1
41 2
2 5 17
19 97 
25 2
15 1
48 2
72 1
24 2
1 2 17
3 
74 1
74 1
2 7 90
14 35 
83 2
24 1
63 1
60 1
41 2
38 2
91 2
3 7 51
68 11 95 
33 1
34 2
70 2
83 2
50 2
78 1
64 1
3 8 81
26 40 4 
39 1
25 1
96 2
49 2
50 2
16 1
100 2
18 1
2 4 40
89 80 
69 1
49 2
17 2
37 1
1 3 4
44 
83 2
86 2
14 1
1 9 74
94 
24 2
75 2
90 2
77 2
39 1
80 2
86 1
87 2
100 2
3 7 73
23 9 27 
43 1
29 1
67 2
7 1
76 1
11 1
15 1
3 9 53
94 26 19 
25 1
2 2
19 1
51 1
22 2
94 1
53 2
36 2
1 1
1 7 21
70 
64 2
48 1
52 1
13 2
47 1
12 2
32 2
1 3 59
57 
57 1
24 2
87 2
4 8 87
12 93 66 82 
92 1
41 1
81 1
44 2
43 1
76 2
27 1
52 1
1 4 8
52 
3 2
35 1
94 2
97 2
2 4 73
85 16 
1 2
11 1
98 1
44 2
1 4 95
56 
4 2
35 2
76 1
34 1
2 8 20
6 3 
57 2
25 1
79 2
45 2
50 2
77 1
63 1
65 1
1 2 61
89 
98 1
77 2
1 2 21
10 
59 1
21 2
1 10 47
81 
92 1
47 1
69 2
4 1
79 2
85 1
18 1
56 2
95 1
89 2
1 10 8
4 
31 2
19 2
64 2
3 2
33 1
90 2
65 1
73 2
97 2
7 2
3 9 96
60 60 88 
73 2
80 2
58 2
13 2
80 2
79 2
45 2
67 1
6 2
1 8 3
69 
77 1
45 1
22 1
67 2
5 1
15 2
20 1
98 2
1 7 47
23 
9 1
8 2
26 1
96 1
43 2
97 1
20 2
3 9 84
55 89 46 
23 2
62 2
41 2
3 1
1 1
67 2
67 1
11 2
85 2
1 7 59
48 
72 2
98 2
37 1
24 2
75 1
73 2
93 2
3 8 65
1 87 28 
13 2
21 1
54 2
97 1
81 2
59 1
93 1
90 2
1 6 33
57 
13 2
61 2
90 2
53 1
59 2
43 1
2 6 29
5 85 
28 2
28 2
22 2
28 2
8 2
65 1
2 7 8
79 83 
96 1
64 2
31 1
43 1
31 2
55 2
11 1
4 10 5
19 51 8 5 
13 1
31 1
8 2
65 1
52 2
11 1
16 2
21 1
12 1
70 1
1 4 18
35 
72 2
98 1
9 2
3 1
1 4 82
10 
83 2
59 2
35 1
15 2
1 6 15
35 
87 2
6 1
15 2
70 2
11 2
43 1
4 10 22
57 49 55 1 
84 1
98 1
83 1
6 2
67 2
16 2
94 2
85 1
23 2
83 1
1 5 13
44 
96 1
65 1
44 1
86 2
85 2
1 3 51
70 
24 1
76 2
62 2
1 3 63
8 
88 2
67 1
77 2
1 2 63
45 
67 2
72 1
3 7 72
13 61 7 
79 2
38 1
95 2
93 1
48 1
82 2
16 1
1 10 98
56 
29 1
99 1
50 2
29 1
12 1
11 2
10 2
63 1
49 2
78 1
1 5 55
92 
22 2
43 1
98 1
94 1
92 1
1 7 69
87 
93 2
5 2
72 2
1 1
25 1
3 1
86 1
2 5 4
8 16 
86 1
57 1
54 2
10 1
72 2
3 9 73
1 89 13 
2 2
94 2
9 1
71 1
59 1
98 2
35 2
70 2
29 2
1 4 1
96 
49 2
68 1
12 1
35 1
3 9 6
89 11 85 
43 1
4 2
69 1
86 2
51 2
21 2
42 2
89 2
1 2
1 2 78
72 
41 2
5 1
3 9 1
25 80 5 
8 2
66 2
92 1
53 2
28 2
98 2
12 1
54 1
18 2
3 9 2
87 11 12 
23 2
58 2
18 1
54 2
4 1
29 1
46 1
86 2
58 1
1 3 12
65 
39 1
22 2
74 2
3 6 48
69 98 24 
15 2
37 1
32 2
39 2
58 2
44 1
2 5 0
53 87 
67 2
99 1
63 2
85 1
70 2
1 6 38
42 
93 1
3 2
22 1
69 1
13 2
76 1
1 5 28
52 
7 2
46 2
15 2
47 2
88 2
4 8 1
14 34 3 91 
36 2
19 1
85 1
92 2
55 2
99 1
39 1
12 2
2 7 60
42 47 
2 1
42 1
38 1
94 1
2 2
22 2
66 1
2 5 21
3 24 
27 1
41 2
21 1
53 2
87 1
5 10 36
21 19 88 94 82 
60 1
32 1
87 1
22 1
8 2
59 2
73 2
77 2
26 2
69 2
1 7 16
76 
90 1
99 1
38 1
8 1
7 1
13 1
22 1
4 9 18
32 39 86 54 
86 1
28 2
76 1
75 1
56 2
7 2
62 1
71 2
83 2
3 7 31
52 62 66 
7 1
77 2
69 1
83 2
96 1
7 1
18 2
1 5 50
29 
47 1
80 2
14 2
36 2
83 1
1 8 33
83 
85 1
35 1
32 1
84 1
53 1
10 2
61 2
90 2
3 10 17
41 83 4 
45 2
24 1
79 1
7 2
96 2
72 1
12 1
54 2
75 2
90 2
1 3 90
3 
9 1
40 2
54 1
1 3 45
91 
76 2
67 1
87 2
2 10 84
41 14 
67 2
40 2
97 2
38 2
26 2
71 2
24 1
29 2
37 1
96 2
1 2 2
40 
43 1
91 1
5 10 15
3 20 18 9 42 
63 2
7 2
26 2
73 1
67 2
11 1
37 1
48 2
86 2
88 1
3 6 25
27 39 92 
98 1
98 1
58 1
33 2
90 1
6 1
1 5 94
53 
31 2
91 1
29 1
32 1
55 2
3 8 86
45 24 2 
23 2
22 1
56 1
17 2
23 1
14 2
85 1
3 1
1 9 62
48 
65 1
1 1
23 2
61 2
18 1
65 2
20 1
32 2
50 1
2 7 3
23 13 
18 1
1 1
65 1
92 2
19 2
93 2
65 1
3 7 31
35 100 16 
50 1
11 2
20 1
22 2
4 2
71 2
17 1
5 10 23
9 45 48 93 96 
53 2
55 2
35 1
92 2
37 2
13 2
94 2
84 2
70 2
58 2
2 4 71
16 45 
41 1
43 1
22 2
98 1
4 9 18
100 62 80 65 
59 2
37 2
47 1
74 1
2 2
24 2
87 2
63 1
68 1
1 7 0
33 
8 1
98 1
100 1
69 1
65 1
66 1
94 2
1 3 55
89 
97 2
17 1
26 1
1 4 92
41 
61 1
77 1
82 1
71 2
2 5 24
78 90 
56 1
2 2
36 2
76 2
53 1
1 2 3
94 
52 2
40 2
1 2 83
66 
73 2
37 2
4 8 5
70 54 4 93 
20 2
82 2
10 2
93 2
7 2
38 1
14 2
49 2
3 6 4
31 77 22 
48 1
67 2
7 2
19 2
30 2
94 1
2 7 42
40 86 
13 2
38 1
72 2
17 1
4 1
39 2
45 1
1 8 27
37 
57 2
54 2
96 2
54 2
60 1
91 2
72 2
77 1
1 2 11
87 
91 1
52 2
1 3 6
42 
84 2
23 2
27 1
4 10 78
53 22 74 17 
17 1
24 1
91 1
68 1
69 1
99 2
99 1
53 2
50 1
55 2
3 7 58
72 13 51 
43 1
33 2
99 2
68 2
48 1
84 2
37 2
2 10 50
43 43 
59 1
48 1
92 2
51 1
15 2
35 2
73 1
57 2
73 1
18 2
1 3 55
67 
49 2
65 2
61 2
2 6 17
80 38 
49 1
24 1
99 1
61 1
68 2
22 2
2 6 45
97 99 
9 2
64 1
35 1
26 2
10 1
62 2
1 5 32
49 
23 1
16 2
29 2
87 1
74 2
2 10 5
46 62 
31 1
27 2
13 2
79 1
92 2
48 2
72 1
31 2
86 2
58 2
2 5 31
83 100 
80 1
79 2
81 1
3 1
67 1
1 3 26
64 
32 2
17 2
24 1
3 9 40
49 87 25 
64 1
4 1
78 1
88 1
61 1
79 2
17 2
49 1
90 2
1 6 61
77 
86 2
33 1
60 2
15 2
52 2
29 1
1 6 99
55 
65 1
71 2
87 2
71 2
51 1
36 1
3 7 45
65 65 30 
21 1
2 1
77 1
20 2
28 1
32 2
49 1
1 5 47
73 
42 1
67 2
80 1
85 2
96 1
1 4 28
39 
90 1
91 2
52 2
96 2
2 10 85
14 24 
92 2
87 1
50 2
66 2
28 1
74 1
76 1
96 2
4 1
11 1
2 5 54
27 64 
10 2
55 1
85 1
94 1
43 2
3 8 21
77 45 29 
19 1
64 2
4 1
7 2
60 1
82 1
35 2
32 2
2 6 50
97 20 
85 2
23 1
71 1
48 2
9 2
12 1
2 4 88
72 20 
71 2
20 2
10 2
63 2
4 8 93
27 13 36 88 
3 2
4 2
89 2
15 2
47 2
92 1
22 1
30 2
2 10 14
85 70 
93 1
85 1
20 1
35 1
5 2
67 1
10 2
38 2
25 2
21 2
1 3 93
27 
48 2
45 2
94 1
3 7 68
55 65 55 
71 2
59 1
15 1
79 2
3 2
84 2
25 2
2 5 64
81 99 
69 2
63 2
42 1
49 1
84 1
1 4 87
58 
74 1
48 1
66 1
96 2
2 10 62
82 33 
76 2
91 1
63 2
21 2
92 1
49 2
57 2
67 1
52 1
23 2
1 4 95
99 
17 2
71 1
60 2
30 2
1 6 92
44 
54 1
36 1
2 2
38 2
59 2
26 1
1 2 11
69 
63 2
3 1
2 4 23
71 59 
79 2
54 1
85 2
40 2
1 4 71
72 
59 1
37 2
28 2
80 2
3 8 86
60 92 68 
40 2
9 2
89 1
33 2
20 1
56 2
81 2
55 1
4 10 47
14 64 68 93 
67 2
65 2
26 1
53 1
43 1
84 1
21 2
95 1
93 1
90 2
1 5 55
55 
49 1
29 1
64 2
19 1
70 2
3 7 57
39 21 35 
99 2
70 2
63 2
37 1
44 2
72 2
45 2
1 2 34
31 
100 2
68 2
2 5 63
29 87 
72 1
49 1
34 2
36 2
5 1
1 7 60
23 
84 2
78 2
31 1
43 2
27 1
69 1
79 2
5 10 70
26 12 100 97 11 
22 1
24 2
94 1
18 2
95 1
88 1
49 1
31 1
94 2
85 1
2 9 11
94 3 
52 2
27 1
34 2
32 2
28 2
18 1
67 1
43 1
92 1
2 10 17
84 22 
10 2
46 1
15 2
13 2
45 2
78 1
4 2
82 1
78 2
92 2
1 9 41
30 
100 2
25 1
76 1
27 1
77 2
17 1
7 2
58 1
70 2
4 8 59
69 86 94 21 
37 1
57 2
37 2
75 2
1 2
34 2
60 1
29 1
1 4 28
5 
30 1
76 1
60 2
80 1
1 3 69
74 
48 1
36 1
72 1
5 10 74
93 86 87 54 98 
78 2
56 1
77 2
48 1
16 1
21 2
2 1
16 1
37 2
94 2
4 9 13
23 8 77 93 
64 2
37 2
81 2
11 2
23 2
76 1
93 2
24 1
75 2
2 4 65
32 66 
69 1
37 2
59 2
84 1
3 8 48
79 60 62 
37 1
4 2
84 2
11 1
99 1
86 2
74 1
33 2
2 10 57
28 70 
29 2
58 1
19 2
87 2
42 2
93 2
47 2
13 1
42 1
34 1
1 4 23
7 
25 2
57 1
95 1
80 2
1 8 54
85 
10 1
79 1
59 1
85 2
22 2
92 1
8 1
12 2
2 10 79
94 11 
70 2
63 1
33 2
24 2
14 1
34 2
99 1
46 1
13 2
90 1
1 6 82
5 
86 2
9 1
91 1
40 1
4 2
87 1
1 4 57
63 
94 1
11 1
76 1
16 1
3 7 57
7 90 29 
46 2
93 1
93 1
19 2
60 1
54 1
54 2
1 2 91
53 
57 1
15 2
1 6 43
26 
56 1
94 2
36 2
89 1
50 2
42 1
2 5 46
71 17 
11 1
33 2
4 1
43 2
99 2
2 9 89
95 19 
60 1
69 1
32 1
20 1
38 2
96 2
38 1
76 2
97 2
4 8 0
29 37 67 48 
22 2
58 1
14 1
92 1
30 2
6 2
92 1
75 2
1 5 52
50 
99 2
9 1
65 1
38 1
45 1
1 2 8
24 
65 1
17 2
3 7 95
97 69 41 
6 1
96 2
58 1
32 2
62 1
81 1
24 2
1 3 19
75 
94 2
87 1
5 1
2 4 38
35 71 
98 2
34 2
89 2
7 2
2 9 95
93 36 
6 1
93 1
35 2
61 1
32 1
41 1
16 1
34 1
56 2
1 2 98
9 
62 2
21 2
1 2 48
71 
30 1
21 1
1 3 50
58 
52 1
73 1
78 2
5 10 51
50 38 72 50 97 
29 1
4 1
59 2
13 1
31 2
46 1
60 1
84 2
81 2
86 2
1 3 29
1 
68 2
90 2
5 2
4 8 80
49 88 40 75 
18 2
20 1
68 1
73 2
27 2
69 2
89 2
75 1
1 2 73
31 
21 1
6 2
1 2 53
75 
21 2
17 2
1 3 90
29 
50 2
78 1
41 2
1 5 33
42 
16 1
42 2
61 2
44 1
59 1
1 3 51
83 
56 2
19 1
80 1
4 9 15
52 17 73 99 
65 1
91 1
16 2
51 2
94 1
19 2
43 1
48 2
3 2
3 10 56
90 95 18 
97 2
70 1
99 2
84 2
16 2
93 1
100 1
27 2
9 2
95 1
2 5 82
20 89 
5 2
74 2
48 1
62 1
44 2
2 5 6
17 11 
84 1
61 1
87 1
47 1
60 1
1 3 59
64 
47 2
77 1
39 2
1 2 23
29 
52 2
96 2
4 10 34
100 17 30 20 
53 2
38 2
63 1
90 2
23 1
47 2
84 1
3 1
63 1
78 2
3 8 90
67 18 51 
50 1
74 1
52 1
99 2
24 1
17 2
36 2
49 1
1 5 58
57 
5 1
78 2
50 2
39 2
38 2
1 2 15
38 
76 2
44 1
1 5 82
39 
66 2
94 2
19 1
38 2
75 2
1 2 3
44 
46 1
27 2
2 4 23
38 74 
43 1
95 1
87 2
28 1
2 9 84
50 39 
21 2
16 2
64 2
7 2
27 2
78 1
61 2
20 2
53 1
1 4 47
95 
88 2
62 1
89 2
53 1
4 8 61
1 75 25 93 
35 2
10 2
65 1
53 1
58 2
32 2
39 2
88 2
3 6 89
99 6 49 
91 1
86 2
72 1
97 2
16 1
80 1
2 9 29
23 47 
26 2
67 1
2 2
63 1
87 2
96 2
46 2
77 2
31 2
1 9 28
42 
69 2
87 1
57 2
99 2
52 1
61 2
77 2
82 2
45 1
1 5 8
97 
26 2
41 2
66 1
24 2
66 2
2 4 34
91 95 
20 2
74 2
25 2
71 1
1 2 62
22 
24 2
73 1
1 3 44
22 
6 1
39 2
62 2
1 9 29
24 
72 1
48 2
39 2
8 2
22 1
10 1
57 2
27 2
25 1
4 9 84
11 96 33 97 
3 1
15 2
44 2
2 1
45 2
35 1
97 1
94 2
98 1
1 3 41
20 
35 1
73 1
46 1
1 5 55
75 
88 2
60 1
29 2
20 2
76 1
1 5 23
40 
80 1
9 1
49 2
58 2
88 2
5 10 1
94 41 5 19 12 
38 1
84 1
69 1
4 2
16 2
48 2
30 1
77 1
93 2
100 2
1 2 66
57 
97 1
11 1
1 7 39
5 
54 1
20 1
39 1
76 2
42 1
63 2
65 1
3 8 66
65 3 83 
80 1
51 2
79 2
82 2
97 1
12 2
100 2
20 2
3 7 0
41 64 55 
16 1
24 2
27 1
42 2
70 2
59 1
51 1
2 10 78
78 12 
19 2
33 1
38 1
84 2
95 2
8 2
13 2
50 1
21 1
93 1
3 7 30
84 82 52 
11 2
57 1
70 1
96 1
81 1
63 1
46 1
1 2 23
65 
72 1
48 1
1 2 57
75 
45 2
88 2
2 9 8
74 13 
99 2
81 2
37 1
31 1
55 1
47 2
17 2
33 2
59 2
1 8 38
93 
62 2
5 1
45 2
37 2
72 1
13 1
61 2
72 2
1 3 93
35 
25 2
29 1
76 1
1 3 92
96 
41 2
74 2
11 1
2 8 36
47 82 
37 1
54 1
83 1
41 2
18 2
31 2
67 1
48 2
1 3 89
69 
26 2
80 1
93 2
1 3 35
1 
70 2
3 1
68 1
3 7 78
34 64 44 
31 2
37 1
87 1
25 2
95 2
35 2
27 1
2 6 57
71 43 
31 2
47 1
8 1
49 2
35 1
49 2
1 2 79
75 
11 2
73 2
1 3 3
59 
15 2
74 1
36 1
1 2 24
65 
79 1
37 1
3 10 60
41 13 74 
13 1
83 2
54 2
77 2
39 2
54 2
52 1
44 1
26 2
11 1
1 7 5
56 
9 1
42 2
59 1
6 1
35 1
64 1
46 2
2 4 43
55 52 
29 2
92 2
35 2
16 1
1 5 69
56 
53 1
78 1
84 2
22 1
57 2
3 8 32
15 58 100 
8 1
74 1
10 1
93 2
43 1
13 1
34 1
37 1
5 10 76
13 20 50 81 88 
27 2
59 2
40 2
5 1
10 2
19 2
78 2
97 1
24 2
4 1
1 4 81
59 
7 1
75 2
47 1
32 2
1 8 46
2 
24 1
25 1
2 1
75 1
98 1
5 1
25 2
30 2
3 8 7
71 75 89 
59 2
61 1
7 2
6 1
59 1
37 1
67 2
92 1
2 6 31
7 80 
70 2
58 1
63 1
54 1
50 2
10 2
2 4 87
97 66 
40 1
35 2
95 1
75 2
3 6 78
63 14 76 
7 1
22 1
29 1
50 1
81 2
21 1
2 9 5
66 15 
59 2
73 2
60 1
57 1
80 1
11 1
47 2
25 1
30 2
3 6 90
14 70 92 
43 2
28 1
22 2
31 2
85 2
10 1
1 3 50
30 
63 1
17 1
43 1
1 2 37
24 
66 2
83 1
2 5 36
7 98 
9 2
87 2
38 2
73 2
60 2
2 10 81
41 52 
89 2
72 2
63 1
31 2
17 1
5 2
90 1
29 2
26 1
81 2
2 6 25
75 99 
7 2
46 2
36 2
40 2
100 2
19 1
2 8 5
69 50 
89 2
41 2
2 1
28 2
13 2
31 1
76 2
88 2
3 7 9
19 71 50 
55 1
38 1
60 1
30 2
8 2
80 1
93 1
1 3 42
83 
65 1
75 1
91 2
3 9 1
46 91 16 
35 2
92 1
43 1
26 2
87 1
75 1
65 2
90 2
100 1
3 7 49
27 22 89 
60 1
24 2
35 2
49 1
55 2
19 2
49 2
1 8 64
49 
66 1
76 1
75 2
22 2
4 2
91 1
64 1
98 1
2 6 54
6 44 
46 2
54 1
66 2
97 1
20 2
58 2
2 6 76
33 3 
15 2
93 2
88 2
29 2
82 1
91 1
2 5 79
68 91 
76 2
14 1
90 2
36 1
8 2
3 10 25
48 30 100 
94 1
17 1
13 1
20 1
96 2
8 1
62 1
51 2
81 1
53 2
1 3 65
20 
29 1
99 2
76 1
4 9 70
44 72 84 15 
59 1
32 2
30 2
78 1
53 1
97 1
10 1
100 2
42 2
3 8 11
5 79 15 
9 2
55 2
2 2
74 2
32 2
28 2
17 1
19 2
2 4 48
84 34 
70 2
88 2
22 2
12 1
3 10 99
74 17 69 
6 2
25 1
38 1
100 1
16 1
6 1
19 1
26 1
15 1
100 2
2 5 83
67 54 
84 2
55 2
37 2
31 2
37 1
3 10 97
84 2 34 
62 1
23 1
50 2
55 1
4 2
59 2
89 2
83 2
77 1
71 2
2 4 63
98 28 
37 1
93 1
64 1
9 2
3 6 40
75 34 61 
99 1
20 2
21 2
73 1
25 2
31 1
5 10 2
57 97 10 33 50 
55 1
79 1
80 2
89 1
81 1
82 1
44 1
38 1
64 1
45 1
4 8 70
76 3 65 81 
93 1
41 2
94 1
52 1
44 2
65 2
89 2
6 1
3 9 34
7 33 33 
37 2
62 2
13 2
51 2
90 2
80 2
31 1
22 1
10 1
2 9 38
6 67 
14 2
4 1
4 1
22 1
38 1
8 2
30 1
47 2
64 1
2 9 61
74 27 
50 2
51 1
12 1
69 2
12 1
81 2
9 2
35 1
32 1
3 7 4
96 90 65 
70 1
24 2
92 2
55 2
7 1
6 1
38 2
3 7 98
39 10 44 
88 2
62 1
6 1
83 2
52 1
47 1
67 1
1 9 44
94 
73 2
64 2
77 2
25 1
52 2
48 1
63 1
50 1
82 2
2 6 63
59 57 
44 2
52 2
78 1
60 1
58 1
24 2
2 4 32
13 58 
81 1
60 2
45 1
51 2
1 3 37
43 
60 2
75 2
19 1
1 2 97
51 
61 2
40 1
1 3 5
10 
43 2
86 1
78 1
1 3 70
93 
53 1
21 2
78 1
1 5 70
85 
97 2
37 1
20 2
24 1
97 2
2 8 9
4 71 
62 1
31 1
94 2
46 2
74 1
94 2
62 2
47 2
1 6 9
88 
95 2
12 1
97 2
47 2
89 2
23 1
1 4 39
1 
60 1
6 2
55 1
44 1
3 6 48
62 64 4 
61 1
27 1
52 1
50 1
12 2
92 1
2 7 34
6 85 
46 2
28 2
44 2
19 1
26 1
97 1
22 2
4 9 44
81 73 57 83 
86 2
83 1
10 2
58 1
39 2
24 2
46 2
7 1
97 1
4 9 60
81 54 81 34 
5 1
62 2
6 2
11 1
8 1
21 1
88 2
20 1
51 1
5 10 5
49 81 62 40 93 
29 1
7 2
52 2
96 2
21 1
93 2
76 2
8 1
34 1
77 2
3 6 61
33 56 98 
7 2
40 2
1 1
84 2
63 2
31 1
2 5 67
32 84 
87 2
49 1
65 2
51 1
5 1
3 6 10
4 4 18 
46 2
47 1
93 1
41 2
46 2
18 2
3 10 15
54 17 64 
43 1
9 1
8 2
16 2
12 2
94 1
100 2
30 1
47 2
6 2
1 4 4
60 
20 2
88 2
62 1
21 1
3 7 23
45 88 14 
12 2
26 1
70 1
62 2
4 1
86 2
33 2
2 7 90
70 17 
42 2
67 2
77 2
95 2
89 1
98 1
73 1
1 9 56
19 
91 2
73 1
99 1
87 1
42 1
97 1
4 1
58 1
10 1
1 3 56
13 
66 2
13 2
37 1
5 10 4
57 19 29 17 51 
3 1
1 2
35 1
51 2
26 2
19 1
61 1
32 2
37 2
24 2
3 6 46
24 16 25 
78 1
96 2
90 2
53 1
23 1
19 1
2 7 14
86 79 
84 2
56 2
9 2
76 2
67 2
1 1
84 1
2 9 28
42 15 
37 2
56 2
90 1
74 2
95 2
41 1
37 1
26 1
73 2
2 4 2
89 75 
43 1
100 2
100 2
18 1
3 6 8
10 15 78 
33 1
70 1
38 1
3 1
53 1
29 1
1 3 37
14 
42 2
13 2
56 2
1 2 15
23 
79 1
64 2
1 3 18
9 
76 1
77 2
72 2
1 5 4
3 
98 2
8 1
83 1
70 1
80 2
4 8 99
79 60 91 24 
83 1
49 1
100 2
76 1
88 1
86 1
86 2
47 2
1 7 66
34 
10 2
2 1
75 2
66 1
40 1
8 2
58 1
2 4 54
52 18 
72 2
4 2
76 1
79 1
2 6 12
71 81 
12 2
32 1
52 2
5 1
74 2
24 2
2 4 25
91 68 
65 2
83 2
39 2
51 1
1 9 89
92 
79 1
79 1
87 1
1 1
11 2
9 1
58 2
66 2
76 1
1 3 85
41 
66 1
83 2
55 2
3 10 79
95 4 22 
11 1
71 1
13 2
48 1
12 1
69 1
22 1
84 2
38 2
30 2
1 6 70
90 
77 1
52 1
49 2
36 2
99 2
86 1
2 5 32
50 69 
28 2
8 2
80 2
53 2
84 1
1 2 9
47 
50 2
80 1
2 6 84
2 11 
22 2
32 1
26 2
67 2
83 2
91 2
2 7 1
18 50 
36 2
70 2
42 2
9 1
76 2
85 2
81 1
3 6 31
34 74 55 
1 2
58 1
98 1
53 2
30 1
56 2
4 10 35
33 17 18 83 
91 2
30 1
32 2
9 2
9 1
8 1
23 1
8 1
62 2
99 2
1 3 89
91 
18 1
67 2
80 2
2 8 51
83 57 
2 2
63 2
51 2
34 1
2 1
10 1
24 2
4 2
1 9 14
22 
93 2
10 2
83 1
56 2
76 2
6 2
20 1
8 2
12 1
1 6 81
9 
10 1
34 2
44 2
59 1
70 1
44 1
1 3 68
16 
19 2
81 2
97 2
1 4 38
62 
55 1
7 2
35 1
50 2
2 4 0
71 41 
57 2
53 1
21 2
48 2
1 3 22
31 
47 1
10 1
100 1
1 2 78
2 
35 1
39 1
1 9 4
75 
18 1
94 1
93 2
7 1
17 1
88 1
31 1
21 2
91 1
1 4 62
12 
76 1
70 1
44 1
92 1
1 3 50
14 
13 2
31 2
51 1
1 7 15
87 
16 2
32 2
82 2
44 1
78 2
7 1
73 2
1 3 33
13 
40 2
81 1
31 1
5 10 62
61 45 96 64 41 
58 2
60 1
70 2
82 1
55 1
77 1
92 2
82 1
73 2
48 2
1 9 41
26 
95 1
14 1
4 1
56 2
72 2
81 2
71 2
65 2
26 1
2 9 1
5 91 
99 2
79 1
79 1
47 1
72 2
1 1
71 2
49 1
49 2
1 10 23
90 
34 2
29 2
70 2
51 1
42 1
6 2
53 1
52 2
77 2
48 1
1 5 57
58 
20 1
11 1
87 1
57 2
70 1
1 3 45
95 
70 1
85 1
5 2
2 5 30
62 38 
25 1
65 2
62 1
96 1
9 1
1 7 29
23 
14 1
76 1
73 2
50 2
7 1
83 2
2 2
1 4 47
98 
72 1
62 2
21 2
22 1
1 3 10
59 
79 1
81 2
7 1
4 8 98
98 95 61 12 
69 1
10 2
59 2
18 1
27 1
3 2
21 2
48 1
2 7 2
94 42 
55 2
13 2
39 2
12 1
3 1
54 2
86 1
4 9 60
85 10 31 65 
62 1
75 1
8 1
36 2
12 2
14 1
72 2
94 1
18 1
1 4 46
47 
17 2
52 2
26 2
51 2
1 6 47
85 
89 1
54 2
21 2
4 2
92 1
33 2
1 4 51
27 
99 1
64 2
59 2
72 2
2 4 60
27 47 
50 2
44 2
20 1
59 2
2 7 66
26 40 
22 2
90 1
98 2
64 2
3 2
84 2
78 1
2 4 52
65 27 
13 2
27 1
68 1
52 1
2 10 8
37 20 
73 1
47 1
89 1
87 2
86 1
26 2
19 1
80 2
66 2
90 2
4 8 89
19 25 37 2 
61 1
29 1
65 1
33 2
3 1
58 2
37 2
2 2
1 3 27
66 
74 2
35 1
85 1
2 10 13
8 42 
58 1
52 2
53 1
94 2
45 2
19 2
94 1
61 1
64 1
48 1
1 3 59
55 
44 2
95 1
38 1
2 8 5
23 7 
31 1
52 2
83 1
62 1
83 1
63 2
14 2
42 2
2 5 88
18 62 
96 1
71 2
96 1
85 2
57 1
2 5 72
54 92 
61 2
43 1
85 2
28 1
88 2
2 10 26
90 82 
83 1
82 2
100 2
17 2
84 1
85 1
85 1
56 1
12 2
81 1
3 10 93
64 92 2 
14 2
78 2
14 1
28 1
30 2
61 1
85 1
39 2
40 2
84 2
4 10 11
12 13 44 2 
24 2
72 2
36 1
57 2
87 1
14 1
5 2
25 2
34 1
100 1
3 8 15
81 29 100 
17 1
44 1
57 2
43 1
75 1
22 1
65 1
89 1
3 9 6
26 20 77 
5 2
84 2
68 1
76 1
12 2
26 1
38 2
92 1
25 1
2 9 3
98 74 
17 2
85 2
30 2
99 2
79 2
6 1
95 2
57 1
41 1
2 10 37
15 26 
82 2
21 1
80 1
11 2
84 2
83 1
38 1
46 1
69 2
24 2
2 7 25
39 77 
73 2
83 2
14 1
97 1
23 2
12 1
94 2
1 2 82
23 
41 2
53 2
1 3 55
12 
95 1
98 1
54 2
3 8 6
3 22 6 
97 2
93 2
58 2
20 2
80 2
73 2
22 1
14 2
1 3 46
75 
35 1
54 2
8 2
1 2 34
2 
38 2
51 1
3 10 14
56 36 26 
43 1
53 1
64 1
38 1
65 2
34 1
71 1
3 2
62 2
82 2
2 5 95
54 4 
6 1
26 2
37 1
25 1
28 1
2 6 35
25 17 
31 2
22 2
77 2
49 1
64 1
24 1
1 2 29
53 
86 2
37 1
3 6 53
23 64 80 
81 2
79 2
40 1
11 1
58 1
34 1
1 3 76
98 
79 2
38 1
31 2
1 2 67
61 
20 2
54 1
1 4 56
75 
87 1
2 2
65 2
34 2
1 4 85
20 
23 1
41 1
26 2
88 1
1 5 6
39 
36 1
2 2
17 2
75 1
61 2
2 4 40
53 55 
50 2
17 1
21 1
91 1
1 10 64
16 
97 1
100 2
96 2
87 1
75 2
25 2
90 2
35 2
5 1
98 1
3 8 11
51 43 21 
49 2
92 2
13 2
89 1
100 2
12 2
22 2
46 2
5 10 58
34 42 43 46 73 
17 2
60 2
32 1
77 1
39 2
43 2
15 2
54 2
24 1
96 1
1 2 80
79 
75 1
97 1
1 3 44
90 
50 2
40 2
14 1
1 3 92
38 
47 1
77 2
53 1
1 2 57
50 
37 1
48 2
1 6 4
74 
78 2
98 2
79 2
47 2
57 1
33 2
1 3 15
62 
34 1
26 1
22 2
4 8 13
89 95 46 87 
74 2
8 1
70 1
21 2
95 1
61 2
79 2
87 1
3 6 22
40 52 29 
51 2
83 1
81 2
85 1
95 1
30 1
1 3 94
51 
80 2
6 2
53 1
1 9 62
36 
37 1
37 1
4 2
69 2
88 2
54 2
67 2
28 2
60 2
3 8 35
26 8 19 
76 2
84 2
100 2
39 2
5 1
63 2
23 1
9 2
2 6 71
51 98 
9 2
16 2
4 2
36 2
80 1
13 1
5 10 13
73 62 79 14 48 
2 1
11 2
56 2
2 2
95 1
2 1
12 1
22 2
29 2
43 1
1 2 49
23 
11 2
54 2
1 6 71
4 
88 1
60 2
91 2
83 2
32 2
85 1
1 2 60
52 
15 2
95 2
3 7 17
59 16 32 
42 2
66 1
35 2
95 2
98 1
41 1
7 1
2 9 3
3 7 
78 2
87 2
33 2
38 2
7 1
39 1
22 2
75 2
89 1
5 10 40
93 96 21 4 41 
37 1
88 1
52 1
22 2
57 2
16 1
67 1
52 2
3 2
70 1
3 8 55
37 29 60 
20 1
20 2
81 1
45 1
61 2
33 1
38 1
5 1
1 9 90
78 
27 1
8 1
34 1
89 1
39 2
99 2
19 1
75 1
36 1
1 5 0
49 
12 2
18 1
23 1
97 2
23 1
1 2 80
87 
44 1
73 2
1 6 50
94 
91 2
5 1
1 1
37 2
7 2
20 2
1 2 78
87 
30 2
38 1
2 10 65
96 65 
81 2
83 1
31 1
35 1
86 1
68 2
25 1
68 2
82 1
49 2
3 6 34
77 32 68 
82 2
17 1
91 2
15 1
26 1
93 2
2 4 72
67 70 
64 1
26 1
57 2
45 1
1 6 42
80 
80 2
77 1
98 1
34 1
55 2
63 2
4 9 37
31 32 54 91 
98 1
90 2
27 1
57 2
16 2
83 2
70 1
72 1
96 1
1 7 59
5 
23 2
76 1
7 2
51 1
65 2
13 1
6 2
1 7 59
99 
8 1
43 2
54 2
2 1
76 1
37 2
52 2
4 9 18
79 10 23 4 
76 2
2 2
16 2
99 2
63 1
98 1
20 1
61 1
86 1
3 6 78
38 98 76 
72 2
24 1
65 1
70 2
29 1
84 2
1 7 64
89 
90 2
90 1
11 1
71 2
61 2
84 2
13 1
1 5 89
77 
78 2
82 2
26 1
67 2
93 2
1 7 98
51 
20 1
99 1
93 2
24 1
16 1
87 2
68 1
1 10 66
68 
17 1
7 1
49 1
97 1
30 1
8 2
46 2
77 2
46 2
3 1
1 8 43
94 
68 1
18 2
100 1
62 1
78 2
68 1
38 2
33 1
2 9 48
30 29 
43 2
60 1
53 2
93 1
34 2
28 2
88 2
41 1
38 1
1 2 61
45 
40 1
63 2
2 7 52
60 46 
48 2
76 2
11 2
74 2
24 2
82 2
77 2
3 7 28
89 17 49 
11 1
37 2
99 1
54 2
76 2
93 1
52 2
1 7 9
17 
4 2
94 1
29 2
40 2
96 2
30 2
9 2
1 4 33
67 
63 2
80 1
98 1
84 2
2 5 29
20 78 
34 2
58 1
94 1
31 1
4 2
1 3 60
48 
10 2
53 1
59 1
2 10 59
75 33 
24 2
52 2
33 2
8 1
86 2
28 1
48 2
72 2
91 1
36 2
1 5 15
72 
18 2
83 1
54 1
44 1
58 2
1 3 30
50 
22 2
91 2
5 1
1 4 13
52 
39 2
38 1
58 2
40 1
4 8 29
42 62 94 67 
60 1
63 2
12 1
64 1
71 1
99 2
99 2
40 1
1 8 82
96 
83 2
84 1
79 2
50 2
46 1
47 2
15 1
90 1
1 4 33
71 
100 1
18 1
79 2
13 1
1 5 68
6 
56 2
26 2
11 2
16 2
4 1
1 5 51
64 
32 1
5 1
67 1
69 1
2 1
1 5 3
69 
42 1
1 2
85 1
76 2
83 1
1 5 29
88 
90 2
51 2
12 1
60 2
60 1
3 6 77
84 62 73 
92 1
52 2
71 1
48 1
26 1
7 2
1 4 73
56 
11 1
72 1
91 1
94 2
1 10 89
44 
47 1
66 1
85 2
39 2
12 2
23 1
59 2
6 1
27 1
19 1
1 2 90
69 
40 1
16 1
2 7 94
8 52 
59 1
4 1
31 1
89 1
99 2
11 1
17 1
2 6 19
44 89 
72 1
1 1
68 2
68 2
52 2
48 1
2 7 78
62 93 
47 2
14 1
82 1
63 1
99 1
15 1
32 2
3 6 94
8 41 95 
40 2
16 2
27 2
75 1
68 2
42 2
4 8 36
67 47 82 34 
4 1
42 2
10 2
19 1
34 1
1 2
44 2
30 2
1 2 38
22 
47 2
89 1
2 5 95
89 66 
95 1
28 1
26 2
99 1
81 1
2 5 66
89 28 
79 2
87 2
56 2
88 2
98 2
1 6 24
4 
85 2
76 1
58 1
27 2
67 2
43 2
1 3 42
53 
90 1
9 2
36 1
5 10 72
100 6 32 83 37 
40 1
93 2
73 2
12 1
29 1
99 2
54 1
25 1
4 2
10 1
3 8 46
10 35 44 
6 2
91 1
22 1
36 2
30 2
8 2
92 1
32 1
2 5 45
26 33 
66 1
24 2
51 1
40 1
24 1
3 10 60
12 75 29 
15 1
3 1
61 2
100 2
63 2
71 1
98 2
80 1
73 1
75 2
3 8 60
4 42 100 
77 2
3 1
12 1
99 1
7 1
34 2
2 2
78 1
2 5 94
100 95 
69 1
39 1
5 1
80 1
16 1
3 9 5
1 8 68 
48 1
47 1
59 1
52 2
82 2
51 1
33 1
45 2
72 2
1 3 3
3 
27 1
100 2
36 2
1 3 70
54 
99 1
86 1
37 2
2 4 18
82 60 
35 2
53 2
85 1
14 2
3 7 63
24 66 51 
3 2
68 1
1 2
30 2
25 1
41 2
22 2
1 6 58
44 
14 1
93 1
75 1
16 2
72 1
31 1
1 4 74
46 
38 2
35 2
29 1
1 1
1 3 49
15 
86 2
6 2
82 2
3 6 55
32 95 60 
96 1
24 2
18 1
91 1
66 2
24 2
1 2 56
47 
6 2
53 1
1 3 22
70 
43 2
78 2
83 1
2 9 78
40 50 
28 2
54 2
82 2
47 2
24 2
73 1
88 1
97 2
64 1
4 9 40
30 100 86 22 
84 2
48 1
13 1
2 1
12 2
94 1
97 2
50 1
66 2
1 5 8
41 
95 1
26 2
35 2
2 2
26 2
1 3 76
93 
22 1
93 1
52 1
1 4 20
43 
79 1
78 1
39 2
47 2
3 8 49
41 82 57 
15 1
13 1
94 2
99 2
55 2
88 2
63 2
52 2
1 2 42
55 
32 1
99 2
1 4 16
26 
15 2
75 1
85 2
49 1
1 6 13
78 
23 2
74 2
35 2
94 2
36 2
40 1
4 9 14
12 37 90 61 
100 1
76 2
59 2
4 1
49 1
78 1
7 1
55 1
53 1
1 2 80
15 
41 1
90 2
2 5 28
1 62 
6 1
86 1
73 1
10 2
3 1
3 10 54
58 85 52 
59 1
8 2
69 1
72 2
8 2
64 1
78 2
76 2
89 2
84 2
2 6 4
58 26 
64 1
71 1
86 2
90 1
5 2
21 2
4 10 32
100 56 99 20 
85 2
23 2
98 1
2 2
79 2
4 1
69 1
98 2
54 1
29 2
1 2 10
93 
88 2
73 2
1 7 44
32 
97 2
97 1
9 1
64 1
66 1
38 2
31 2
1 3 60
11 
29 2
50 2
88 2
1 3 65
30 
75 1
61 1
17 1
2 5 13
39 39 
82 1
77 1
34 1
99 1
6 2
1 5 37
22 
2 1
52 1
45 1
20 1
39 2
2 8 55
83 87 
28 1
6 1
49 2
64 1
52 2
44 1
38 1
20 2
2 7 47
73 35 
10 2
43 2
98 1
81 2
35 2
44 1
12 1
1 7 0
49 
89 1
19 2
98 2
26 2
65 2
31 2
90 2
1 10 56
12 
54 1
29 2
30 1
67 1
82 2
1 2
51 2
75 1
62 1
15 1
1 8 59
43 
74 1
18 1
75 1
68 2
10 1
38 2
52 2
95 1
2 7 93
32 56 
6 2
25 1
59 1
57 2
34 2
74 2
45 2
3 6 20
62 53 83 
55 1
28 2
94 1
36 1
6 2
72 1
2 9 66
82 33 
53 2
68 2
8 1
82 2
99 1
26 1
81 2
25 2
79 2
4 9 38
44 96 70 28 
11 1
94 1
20 2
85 1
30 1
38 2
16 2
32 1
87 2
1 10 8
31 
89 2
31 2
4 1
29 2
83 2
8 1
49 1
45 2
95 2
39 1
4 9 24
1 28 20 41 
75 2
15 2
34 1
72 1
65 1
35 1
40 2
42 2
31 1
2 7 18
92 74 
14 2
76 2
4 2
33 1
78 2
12 1
53 2
1 3 69
2 
75 2
69 2
34 1
2 8 75
42 42 
41 2
46 2
74 1
89 2
27 1
38 2
14 2
13 2
3 8 37
99 28 53 
96 1
22 1
57 1
48 1
96 2
72 1
39 2
70 2
3 8 94
19 63 92 
80 2
88 1
97 2
34 1
21 2
79 1
16 1
39 2
1 9 33
63 
24 2
65 1
52 2
65 1
66 1
56 2
56 2
71 2
58 1
1 6 13
24 
45 2
50 2
36 2
87 2
44 2
80 2
1 2 99
15 
59 1
72 1
2 7 84
83 78 
2 2
98 1
13 1
84 1
19 1
12 1
9 1
5 10 54
1 17 92 2 49 
58 1
2 1
100 1
68 1
46 2
59 2
79 2
53 2
32 1
81 1
2 7 49
73 3 
80 2
82 1
45 2
96 1
64 1
19 1
19 1
2 8 56
36 28 
25 1
98 2
39 2
1 2
94 2
39 2
29 2
22 1
1 4 40
92 
90 2
88 1
97 1
42 2
4 9 75
23 86 12 35 
1 2
3 1
57 1
78 2
45 1
65 1
35 1
66 1
46 2
1 4 71
80 
92 1
21 2
11 1
95 1
2 9 62
87 94 
10 2
94 1
23 1
13 1
13 1
89 1
64 2
55 1
37 1
5 10 59
15 43 79 88 15 
51 1
49 1
44 1
47 2
14 2
64 2
59 1
76 2
65 1
94 1
2 8 93
51 78 
84 2
41 2
78 1
68 2
27 2
95 1
40 1
47 2
3 7 20
58 93 63 
77 2
6 2
85 1
18 2
11 1
13 1
38 1
1 2 9
25 
61 2
29 1
2 7 88
64 41 
5 2
59 2
21 1
83 2
38 2
24 1
46 2
1 5 70
39 
20 1
52 1
26 1
95 2
43 1
2 6 65
46 34 
81 2
2 1
31 1
34 1
43 2
48 1
