1000

#1
2
1 2 
1 2 
2 1

#2
6
1 2 5 3 5 4 
4 1 2 6 2 6 
2 1
3 1
4 1
5 4
6 1

#3
4
2 2 1 2 
2 1 3 3 
2 1
3 1
4 3

#4
10
7 7 8 6 10 1 9 1 4 1 
9 4 9 2 4 4 4 9 8 7 
2 1
3 2
4 1
5 3
6 4
7 2
8 5
9 7
10 7

#5
9
7 5 3 6 3 9 3 6 4 
8 6 1 2 2 3 2 6 1 
2 1
3 1
4 1
5 2
6 3
7 5
8 5
9 7

#6
8
4 8 6 5 5 6 6 6 
2 6 7 2 6 7 2 8 
2 1
3 2
4 2
5 4
6 2
7 3
8 2

#7
8
1 8 7 3 2 4 4 7 
6 7 4 4 6 7 4 5 
2 1
3 2
4 3
5 3
6 3
7 3
8 3

#8
6
3 2 2 4 6 6 
2 1 3 2 5 1 
2 1
3 2
4 1
5 3
6 2

#9
8
8 7 4 1 2 5 1 3 
6 1 8 1 1 2 6 8 
2 1
3 2
4 1
5 4
6 4
7 4
8 6

#10
4
4 1 2 2 
3 2 2 2 
2 1
3 1
4 2

#11
3
2 1 2 
3 2 3 
2 1
3 1

#12
7
7 5 7 5 7 1 2 
1 2 2 6 4 4 3 
2 1
3 1
4 2
5 1
6 5
7 2

#13
9
3 8 7 4 3 2 7 8 7 
8 3 2 8 7 2 8 7 3 
2 1
3 2
4 2
5 4
6 2
7 1
8 6
9 8

#14
3
3 3 2 
3 3 2 
2 1
3 1

#15
4
2 4 1 4 
3 3 2 1 
2 1
3 2
4 3

#16
8
8 7 1 5 8 2 6 1 
8 8 4 1 8 7 7 5 
2 1
3 2
4 3
5 3
6 5
7 6
8 5

#17
3
2 3 2 
1 2 1 
2 1
3 2

#18
3
1 3 3 
1 3 1 
2 1
3 1

#19
8
4 2 3 1 5 2 4 2 
2 6 8 4 8 5 2 1 
2 1
3 2
4 2
5 3
6 3
7 1
8 6

#20
6
6 5 6 5 3 3 
1 3 1 6 1 1 
2 1
3 2
4 1
5 4
6 1

#21
4
4 3 4 1 
3 3 4 2 
2 1
3 2
4 1

#22
4
3 2 3 3 
4 1 3 4 
2 1
3 1
4 1

#23
7
5 6 7 3 2 3 3 
3 2 4 7 3 2 3 
2 1
3 1
4 3
5 4
6 1
7 4

#24
4
3 2 3 1 
3 4 2 3 
2 1
3 2
4 2

#25
5
3 4 4 3 1 
5 3 4 1 5 
2 1
3 2
4 2
5 4

#26
5
4 2 2 1 1 
1 2 3 2 5 
2 1
3 1
4 2
5 4

#27
7
3 6 1 5 5 4 3 
5 1 3 2 6 5 5 
2 1
3 1
4 3
5 2
6 3
7 6

#28
8
3 1 8 3 6 3 3 4 
7 8 2 1 7 5 5 6 
2 1
3 1
4 3
5 4
6 4
7 5
8 7

#29
8
3 5 4 7 1 6 7 7 
4 3 7 8 6 8 6 4 
2 1
3 1
4 3
5 1
6 5
7 1
8 7

#30
9
3 8 6 6 6 8 7 3 9 
8 2 1 1 2 4 2 2 4 
2 1
3 1
4 1
5 2
6 3
7 2
8 6
9 3

#31
2
2 2 
1 1 
2 1

#32
10
4 5 9 9 10 8 1 3 9 5 
1 4 7 2 2 4 2 5 3 2 
2 1
3 1
4 3
5 2
6 3
7 2
8 2
9 5
10 4

#33
2
2 2 
2 2 
2 1

#34
5
5 3 5 2 3 
4 1 1 5 4 
2 1
3 1
4 2
5 1

#35
2
1 1 
1 1 
2 1

#36
3
1 3 3 
3 2 1 
2 1
3 1

#37
5
5 1 5 1 3 
2 4 3 2 5 
2 1
3 2
4 2
5 1

#38
8
7 1 4 7 3 8 3 2 
2 4 6 6 7 3 8 1 
2 1
3 1
4 2
5 1
6 2
7 6
8 5

#39
3
2 3 1 
2 3 1 
2 1
3 2

#40
2
1 1 
1 2 
2 1

#41
6
1 2 5 1 5 6 
5 1 4 2 2 3 
2 1
3 1
4 1
5 4
6 5

#42
9
2 1 3 8 4 3 4 6 6 
1 8 5 7 6 8 5 5 6 
2 1
3 1
4 2
5 4
6 4
7 4
8 5
9 5

#43
5
3 4 4 1 2 
2 4 2 1 5 
2 1
3 2
4 1
5 2

#44
7
6 1 3 7 3 3 5 
7 4 1 4 2 6 5 
2 1
3 1
4 2
5 4
6 3
7 4

#45
6
2 1 5 1 3 6 
5 2 4 5 3 5 
2 1
3 2
4 2
5 2
6 2

#46
7
3 7 4 7 3 4 4 
7 5 1 3 3 2 3 
2 1
3 2
4 2
5 2
6 4
7 4

#47
2
1 1 
1 2 
2 1

#48
8
4 2 3 3 3 1 3 3 
2 6 7 8 3 8 6 7 
2 1
3 1
4 1
5 4
6 1
7 6
8 6

#49
5
5 2 2 2 1 
1 1 5 5 3 
2 1
3 2
4 2
5 2

#50
3
3 2 2 
2 1 3 
2 1
3 1

#51
10
1 1 8 9 8 10 4 7 5 8 
7 4 3 6 6 10 1 3 7 2 
2 1
3 1
4 1
5 1
6 2
7 1
8 7
9 3
10 7

#52
8
2 1 1 5 5 3 7 6 
2 8 3 7 7 6 6 7 
2 1
3 1
4 1
5 1
6 2
7 5
8 1

#53
10
3 6 3 9 2 10 1 9 7 3 
7 4 10 4 4 9 7 8 10 7 
2 1
3 2
4 2
5 1
6 1
7 2
8 2
9 5
10 7

#54
4
2 2 3 2 
1 1 4 1 
2 1
3 1
4 1

#55
10
4 5 8 4 10 4 1 6 1 10 
4 8 5 9 7 5 6 2 8 7 
2 1
3 2
4 2
5 1
6 1
7 2
8 4
9 6
10 1

#56
9
3 1 1 7 3 4 9 9 2 
1 8 3 8 4 3 6 7 9 
2 1
3 2
4 2
5 3
6 4
7 4
8 5
9 7

#57
7
3 2 1 2 2 7 6 
7 5 1 7 4 5 7 
2 1
3 2
4 3
5 4
6 4
7 1

#58
5
4 3 4 3 1 
2 2 5 1 3 
2 1
3 2
4 2
5 3

#59
10
8 1 4 10 10 2 4 1 2 4 
9 2 8 7 5 3 10 6 5 9 
2 1
3 2
4 2
5 2
6 3
7 1
8 4
9 2
10 4

#60
9
9 1 3 3 6 9 9 9 6 
9 9 2 9 6 4 4 7 4 
2 1
3 2
4 1
5 2
6 4
7 6
8 4
9 1

#61
2
2 1 
2 1 
2 1

#62
7
7 3 6 7 5 7 1 
1 1 4 7 5 1 3 
2 1
3 1
4 2
5 1
6 3
7 5

#63
2
1 2 
1 2 
2 1

#64
3
1 2 2 
2 3 3 
2 1
3 1

#65
2
2 2 
2 1 
2 1

#66
3
3 1 1 
3 3 3 
2 1
3 1

#67
3
2 1 1 
3 2 3 
2 1
3 1

#68
4
3 2 4 3 
4 1 1 2 
2 1
3 2
4 1

#69
9
2 5 2 6 3 3 8 4 3 
1 8 7 6 8 5 1 3 7 
2 1
3 2
4 3
5 2
6 5
7 1
8 2
9 6

#70
9
4 5 8 5 1 4 3 9 5 
3 3 2 9 6 3 9 5 1 
2 1
3 2
4 1
5 4
6 3
7 6
8 3
9 8

#71
7
7 6 3 4 4 7 3 
6 1 6 3 6 5 3 
2 1
3 2
4 3
5 1
6 1
7 3

#72
7
4 2 4 6 7 1 1 
5 1 7 1 4 4 6 
2 1
3 1
4 2
5 2
6 1
7 5

#73
7
4 4 3 1 6 4 5 
2 2 1 7 3 5 1 
2 1
3 2
4 1
5 1
6 3
7 1

#74
4
3 3 4 4 
1 3 2 3 
2 1
3 2
4 1

#75
3
3 2 2 
2 1 3 
2 1
3 1

#76
4
2 3 2 4 
2 2 2 2 
2 1
3 1
4 3

#77
5
2 4 3 2 1 
1 3 4 2 1 
2 1
3 2
4 3
5 4

#78
2
2 1 
1 1 
2 1

#79
5
4 5 3 5 3 
5 5 5 5 3 
2 1
3 1
4 3
5 1

#80
10
7 2 7 3 2 8 2 7 10 7 
1 2 2 8 7 6 8 8 1 3 
2 1
3 2
4 1
5 2
6 1
7 5
8 6
9 4
10 8

#81
2
2 1 
2 2 
2 1

#82
3
2 1 1 
1 1 1 
2 1
3 2

#83
10
9 5 5 7 2 6 8 1 3 8 
6 10 7 10 7 1 8 8 8 2 
2 1
3 1
4 2
5 1
6 4
7 2
8 7
9 3
10 5

#84
8
5 8 6 7 5 3 5 7 
3 3 4 1 3 7 2 5 
2 1
3 1
4 1
5 2
6 5
7 2
8 7

#85
10
3 7 4 3 8 8 3 4 4 1 
3 8 3 8 6 3 5 2 10 4 
2 1
3 2
4 3
5 2
6 5
7 3
8 1
9 2
10 8

#86
9
7 6 2 8 9 5 6 3 6 
7 7 5 5 3 7 8 8 6 
2 1
3 2
4 3
5 2
6 2
7 5
8 3
9 3

#87
5
1 4 1 2 5 
4 3 1 5 1 
2 1
3 2
4 2
5 4

#88
7
4 7 2 7 2 7 2 
7 1 4 6 7 4 7 
2 1
3 1
4 1
5 4
6 3
7 5

#89
5
5 3 1 4 5 
5 1 4 3 3 
2 1
3 1
4 3
5 1

#90
8
8 5 8 1 7 1 4 5 
1 7 3 6 4 8 2 2 
2 1
3 2
4 1
5 2
6 1
7 1
8 1

#91
4
2 2 3 2 
1 1 1 1 
2 1
3 1
4 2

#92
3
2 3 1 
3 1 1 
2 1
3 1

#93
2
1 1 
1 1 
2 1

#94
8
2 7 6 1 2 3 3 8 
6 4 8 5 6 7 1 2 
2 1
3 2
4 3
5 2
6 5
7 4
8 5

#95
3
2 1 1 
1 2 1 
2 1
3 1

#96
2
2 1 
1 2 
2 1

#97
8
1 5 4 4 5 7 2 4 
2 3 4 6 6 7 7 4 
2 1
3 2
4 1
5 2
6 4
7 2
8 4

#98
5
4 2 1 3 1 
3 5 2 5 1 
2 1
3 2
4 2
5 1

#99
10
3 3 6 8 5 10 8 2 3 6 
6 7 4 3 9 6 10 9 4 7 
2 1
3 1
4 1
5 2
6 2
7 2
8 4
9 8
10 6

#100
2
1 1 
2 1 
2 1

#101
2
2 2 
1 1 
2 1

#102
8
1 4 7 1 6 4 5 2 
3 8 6 4 2 4 3 3 
2 1
3 1
4 3
5 3
6 1
7 5
8 5

#103
10
3 10 1 1 8 7 4 4 6 10 
10 2 8 4 7 1 7 1 5 2 
2 1
3 1
4 1
5 2
6 5
7 4
8 2
9 2
10 7

#104
10
7 8 4 7 4 2 8 1 2 4 
2 7 5 2 3 5 4 2 4 8 
2 1
3 1
4 1
5 2
6 4
7 5
8 3
9 1
10 8

#105
8
1 4 5 4 8 5 1 1 
8 4 3 2 2 4 6 5 
2 1
3 2
4 3
5 1
6 1
7 1
8 3

#106
4
1 2 3 2 
4 1 3 4 
2 1
3 1
4 3

#107
10
9 5 8 4 10 2 10 4 6 5 
9 9 10 9 2 2 4 4 6 4 
2 1
3 2
4 2
5 2
6 5
7 5
8 3
9 6
10 9

#108
3
2 2 2 
3 2 3 
2 1
3 1

#109
3
2 2 1 
3 1 2 
2 1
3 2

#110
8
2 2 8 3 8 2 7 1 
8 6 3 4 4 6 6 2 
2 1
3 1
4 3
5 3
6 5
7 3
8 4

#111
4
4 3 1 3 
3 4 2 4 
2 1
3 1
4 1

#112
3
2 2 2 
2 3 3 
2 1
3 2

#113
7
3 7 2 1 5 5 3 
7 7 4 1 2 3 4 
2 1
3 1
4 3
5 2
6 2
7 4

#114
5
1 5 3 2 1 
2 3 3 4 2 
2 1
3 2
4 3
5 2

#115
8
1 3 6 5 4 7 3 4 
8 7 5 7 6 4 3 7 
2 1
3 2
4 2
5 2
6 5
7 1
8 7

#116
4
2 3 2 1 
4 4 3 1 
2 1
3 1
4 3

#117
9
8 5 5 4 6 1 3 5 5 
6 6 3 2 6 6 5 8 8 
2 1
3 2
4 1
5 4
6 5
7 1
8 4
9 8

#118
4
3 1 1 4 
1 1 2 1 
2 1
3 2
4 1

#119
10
9 4 8 7 7 6 5 3 5 8 
1 5 9 9 2 5 9 6 5 8 
2 1
3 2
4 2
5 3
6 4
7 6
8 2
9 6
10 4

#120
8
7 5 3 7 7 1 5 2 
3 1 3 2 3 5 7 2 
2 1
3 2
4 3
5 3
6 1
7 6
8 1

#121
10
6 10 1 10 10 9 8 7 5 1 
3 2 5 4 6 8 5 10 9 10 
2 1
3 2
4 2
5 2
6 1
7 5
8 7
9 5
10 6

#122
5
1 1 2 4 1 
5 2 3 5 2 
2 1
3 2
4 1
5 4

#123
4
4 1 3 4 
1 3 3 1 
2 1
3 2
4 1

#124
6
4 4 5 5 4 6 
1 2 5 6 3 5 
2 1
3 1
4 2
5 4
6 5

#125
9
9 7 7 2 3 2 5 2 9 
6 7 8 5 7 5 9 4 5 
2 1
3 2
4 1
5 3
6 2
7 2
8 1
9 1

#126
9
2 3 1 9 8 8 5 8 9 
6 4 7 3 9 3 8 3 1 
2 1
3 1
4 3
5 4
6 1
7 5
8 5
9 1

#127
3
3 3 2 
2 3 2 
2 1
3 1

#128
2
2 2 
2 1 
2 1

#129
9
8 2 4 3 3 1 9 7 5 
4 1 2 2 7 2 5 2 3 
2 1
3 2
4 3
5 1
6 2
7 3
8 1
9 6

#130
6
1 1 6 1 5 6 
5 1 5 5 1 5 
2 1
3 1
4 3
5 4
6 2

#131
7
2 1 1 7 3 4 5 
1 1 2 3 4 2 5 
2 1
3 2
4 1
5 2
6 3
7 2

#132
10
10 5 6 10 7 4 3 5 7 6 
7 7 10 1 8 9 8 5 5 6 
2 1
3 2
4 1
5 4
6 5
7 6
8 6
9 1
10 7

#133
6
1 1 4 6 3 4 
1 3 2 3 3 2 
2 1
3 1
4 3
5 4
6 5

#134
6
3 3 1 1 1 1 
5 4 2 6 3 2 
2 1
3 1
4 3
5 3
6 3

#135
7
5 2 5 2 2 5 6 
7 3 7 4 7 1 7 
2 1
3 1
4 1
5 2
6 5
7 3

#136
5
5 5 2 5 1 
1 5 4 4 2 
2 1
3 2
4 1
5 3

#137
7
7 1 7 1 7 1 6 
5 2 6 5 5 1 6 
2 1
3 1
4 3
5 1
6 4
7 3

#138
7
4 6 1 6 6 4 1 
2 5 6 4 1 6 3 
2 1
3 1
4 1
5 3
6 1
7 3

#139
10
1 2 5 2 10 4 3 1 5 8 
4 8 8 7 4 3 8 9 7 1 
2 1
3 1
4 1
5 1
6 5
7 3
8 4
9 4
10 4

#140
7
2 6 1 1 1 4 7 
6 1 1 2 1 6 1 
2 1
3 2
4 2
5 4
6 1
7 1

#141
7
4 4 3 5 2 4 5 
7 4 3 2 7 2 6 
2 1
3 1
4 3
5 3
6 3
7 4

#142
10
8 1 9 6 4 4 5 7 2 10 
10 1 8 9 1 3 4 6 7 1 
2 1
3 2
4 1
5 2
6 5
7 4
8 7
9 8
10 6

#143
3
2 2 3 
3 2 3 
2 1
3 1

#144
7
1 2 3 5 6 4 7 
2 4 5 6 7 7 5 
2 1
3 1
4 1
5 1
6 4
7 5

#145
8
7 2 6 7 3 5 3 4 
3 6 6 6 2 6 7 8 
2 1
3 1
4 3
5 3
6 3
7 4
8 7

#146
8
3 5 2 5 3 6 5 3 
4 1 5 6 6 2 2 2 
2 1
3 2
4 3
5 3
6 1
7 1
8 5

#147
3
1 2 3 
1 2 3 
2 1
3 1

#148
3
2 2 1 
2 2 1 
2 1
3 2

#149
5
5 2 4 3 4 
5 3 1 4 5 
2 1
3 1
4 3
5 1

#150
2
1 1 
1 1 
2 1

#151
8
1 5 6 1 3 1 7 2 
2 1 8 2 4 7 6 7 
2 1
3 1
4 1
5 3
6 4
7 2
8 7

#152
10
1 2 8 5 4 3 10 4 3 2 
9 4 1 4 8 9 6 2 1 9 
2 1
3 2
4 3
5 1
6 1
7 4
8 1
9 6
10 4

#153
10
3 5 1 8 9 1 2 7 7 2 
10 3 1 3 10 2 2 9 8 6 
2 1
3 1
4 2
5 1
6 2
7 4
8 5
9 2
10 2

#154
9
8 1 2 1 2 6 3 2 4 
3 7 3 1 2 7 8 5 9 
2 1
3 2
4 2
5 3
6 4
7 6
8 1
9 7

#155
4
4 1 4 3 
2 3 2 3 
2 1
3 1
4 3

#156
10
4 6 5 7 6 3 1 4 3 3 
3 2 4 9 7 7 9 7 8 10 
2 1
3 2
4 2
5 3
6 5
7 2
8 6
9 8
10 5

#157
5
1 5 4 4 5 
5 2 3 2 4 
2 1
3 2
4 3
5 2

#158
8
2 3 1 4 2 5 3 7 
4 1 2 6 3 7 2 8 
2 1
3 2
4 3
5 2
6 4
7 6
8 6

#159
6
2 1 1 2 3 2 
5 2 6 1 3 1 
2 1
3 1
4 2
5 2
6 2

#160
10
8 7 2 3 5 3 5 6 10 2 
4 9 2 8 4 5 6 9 7 7 
2 1
3 1
4 2
5 2
6 4
7 6
8 7
9 5
10 7

#161
2
2 2 
2 2 
2 1

#162
3
2 2 3 
3 2 3 
2 1
3 2

#163
2
1 1 
1 2 
2 1

#164
5
5 2 3 3 3 
5 5 4 2 3 
2 1
3 2
4 3
5 3

#165
9
3 4 6 8 6 5 3 1 7 
6 5 3 3 2 1 3 3 7 
2 1
3 1
4 1
5 3
6 4
7 2
8 6
9 8

#166
4
3 3 1 3 
3 1 3 3 
2 1
3 2
4 3

#167
7
5 4 2 7 2 1 6 
7 7 3 2 1 1 2 
2 1
3 2
4 1
5 4
6 1
7 1

#168
3
3 2 2 
3 2 3 
2 1
3 2

#169
2
1 1 
1 2 
2 1

#170
4
3 1 1 1 
1 4 2 3 
2 1
3 2
4 1

#171
4
3 1 1 4 
3 3 4 2 
2 1
3 1
4 3

#172
7
5 6 2 5 4 4 2 
3 6 7 2 5 1 4 
2 1
3 2
4 2
5 3
6 5
7 4

#173
7
3 2 2 7 3 3 5 
1 4 6 4 3 6 5 
2 1
3 1
4 3
5 1
6 1
7 5

#174
9
1 5 5 8 3 3 5 3 1 
8 1 2 4 4 5 3 4 6 
2 1
3 2
4 1
5 2
6 5
7 6
8 6
9 5

#175
9
1 8 7 2 9 9 8 1 9 
8 1 6 4 8 9 3 9 6 
2 1
3 1
4 2
5 1
6 2
7 5
8 3
9 1

#176
6
5 6 3 3 4 3 
4 1 4 4 1 6 
2 1
3 2
4 1
5 4
6 1

#177
10
1 1 1 5 9 7 10 2 4 7 
1 8 6 7 6 8 3 2 1 6 
2 1
3 1
4 3
5 1
6 4
7 4
8 1
9 1
10 2

#178
7
2 4 6 2 7 6 1 
1 2 5 2 2 7 1 
2 1
3 2
4 3
5 4
6 5
7 3

#179
10
4 9 2 8 3 4 3 7 8 2 
6 3 10 7 6 4 1 8 8 3 
2 1
3 2
4 2
5 1
6 5
7 6
8 3
9 4
10 9

#180
3
1 3 3 
3 1 2 
2 1
3 2

#181
5
1 2 3 2 2 
3 3 4 2 4 
2 1
3 1
4 2
5 3

#182
4
4 3 4 1 
3 3 1 2 
2 1
3 1
4 2

#183
4
3 2 4 3 
3 3 1 4 
2 1
3 2
4 2

#184
4
3 3 3 2 
4 2 2 1 
2 1
3 1
4 1

#185
7
1 1 5 2 4 7 6 
6 5 7 6 3 3 5 
2 1
3 2
4 1
5 3
6 2
7 4

#186
9
5 7 6 1 8 5 3 7 3 
9 4 7 8 4 8 1 2 9 
2 1
3 2
4 2
5 2
6 2
7 1
8 7
9 7

#187
7
7 3 5 2 4 3 7 
4 2 7 7 3 1 7 
2 1
3 2
4 3
5 4
6 5
7 1

#188
7
6 5 7 6 3 2 3 
6 3 1 7 6 4 2 
2 1
3 1
4 3
5 3
6 4
7 5

#189
9
6 7 6 3 7 9 9 9 3 
8 9 8 3 9 1 8 9 9 
2 1
3 2
4 3
5 3
6 1
7 1
8 7
9 8

#190
5
2 2 3 1 1 
5 1 2 1 5 
2 1
3 2
4 3
5 2

#191
4
4 4 1 1 
3 2 1 2 
2 1
3 2
4 2

#192
5
5 5 3 5 5 
1 1 2 5 4 
2 1
3 1
4 2
5 2

#193
7
3 5 7 7 4 6 5 
4 5 3 4 6 5 2 
2 1
3 2
4 1
5 4
6 5
7 2

#194
6
6 3 2 6 3 5 
4 5 2 1 5 2 
2 1
3 2
4 1
5 1
6 4

#195
10
3 8 9 5 9 7 5 5 3 3 
3 3 5 10 8 8 10 9 5 6 
2 1
3 1
4 1
5 1
6 4
7 1
8 6
9 2
10 6

#196
6
5 1 4 3 6 1 
3 5 3 2 4 6 
2 1
3 1
4 3
5 4
6 5

#197
2
1 1 
2 1 
2 1

#198
8
8 6 3 3 3 5 2 8 
8 5 1 2 8 8 4 2 
2 1
3 2
4 1
5 1
6 1
7 3
8 7

#199
5
5 1 4 1 2 
4 1 3 1 3 
2 1
3 2
4 3
5 3

#200
4
1 1 4 1 
1 4 1 2 
2 1
3 1
4 3

#201
2
2 2 
1 2 
2 1

#202
3
2 3 3 
2 1 1 
2 1
3 2

#203
3
2 1 3 
3 1 2 
2 1
3 1

#204
8
5 3 2 5 2 3 2 5 
1 2 7 5 7 1 5 5 
2 1
3 1
4 3
5 2
6 5
7 6
8 5

#205
3
1 3 1 
3 2 1 
2 1
3 1

#206
4
3 4 4 3 
3 4 3 3 
2 1
3 2
4 3

#207
7
4 6 1 3 6 7 2 
2 5 3 1 7 5 6 
2 1
3 2
4 3
5 3
6 1
7 1

#208
8
8 1 7 7 5 7 4 8 
8 8 7 4 6 7 6 1 
2 1
3 1
4 2
5 2
6 2
7 6
8 7

#209
9
2 6 8 6 3 4 6 1 4 
8 1 2 1 3 1 2 7 3 
2 1
3 1
4 2
5 3
6 1
7 5
8 7
9 8

#210
2
2 2 
2 1 
2 1

#211
7
7 2 6 5 5 7 7 
1 5 3 5 3 6 4 
2 1
3 1
4 2
5 2
6 4
7 2

#212
6
6 5 2 5 5 1 
5 1 3 5 1 4 
2 1
3 2
4 2
5 3
6 2

#213
6
4 3 5 1 4 4 
1 2 6 5 1 6 
2 1
3 2
4 1
5 1
6 1

#214
9
5 4 3 2 3 1 6 7 3 
2 1 6 6 4 2 1 4 3 
2 1
3 1
4 2
5 2
6 3
7 5
8 2
9 1

#215
8
8 5 5 4 4 7 1 4 
8 1 6 7 2 3 3 5 
2 1
3 1
4 3
5 4
6 3
7 2
8 1

#216
7
3 1 2 3 3 4 6 
2 6 7 2 3 4 1 
2 1
3 1
4 3
5 4
6 4
7 5

#217
9
7 8 9 7 5 1 7 5 4 
5 2 9 2 8 7 1 3 2 
2 1
3 1
4 1
5 1
6 2
7 3
8 4
9 3

#218
9
1 8 4 5 2 3 2 2 5 
7 2 8 1 8 5 8 6 2 
2 1
3 1
4 1
5 2
6 5
7 6
8 2
9 2

#219
2
1 2 
1 2 
2 1

#220
7
6 6 6 5 1 2 7 
6 6 2 6 5 3 3 
2 1
3 2
4 2
5 2
6 5
7 1

#221
6
1 3 5 1 4 5 
6 3 1 3 2 3 
2 1
3 2
4 1
5 3
6 1

#222
3
2 1 3 
2 1 2 
2 1
3 2

#223
9
7 4 9 1 9 6 9 4 2 
8 6 9 3 5 8 2 6 7 
2 1
3 1
4 2
5 1
6 5
7 4
8 7
9 4

#224
4
1 4 4 3 
3 2 2 4 
2 1
3 1
4 3

#225
4
3 1 4 1 
3 1 1 2 
2 1
3 1
4 2

#226
9
6 1 4 8 7 7 8 9 2 
1 6 8 5 9 2 5 1 6 
2 1
3 1
4 1
5 2
6 5
7 3
8 3
9 6

#227
5
1 2 2 1 1 
3 4 5 1 4 
2 1
3 1
4 3
5 4

#228
8
8 8 5 2 3 6 5 7 
2 3 8 7 4 3 1 4 
2 1
3 1
4 1
5 2
6 3
7 5
8 5

#229
9
9 4 6 1 8 6 8 3 9 
7 2 9 2 9 2 7 6 9 
2 1
3 2
4 3
5 4
6 4
7 1
8 6
9 8

#230
5
4 2 1 4 2 
3 4 3 2 3 
2 1
3 2
4 3
5 1

#231
5
4 5 3 5 1 
5 5 1 4 4 
2 1
3 2
4 1
5 4

#232
10
2 9 4 10 4 7 7 8 10 3 
10 9 4 3 10 3 1 7 9 4 
2 1
3 1
4 3
5 1
6 5
7 5
8 2
9 7
10 9

#233
10
5 7 6 4 10 2 3 3 3 3 
8 4 8 9 2 2 10 10 5 4 
2 1
3 2
4 2
5 3
6 3
7 2
8 5
9 8
10 5

#234
5
5 3 4 3 4 
1 2 4 3 2 
2 1
3 2
4 3
5 4

#235
7
4 6 7 1 6 7 1 
2 7 2 1 2 3 5 
2 1
3 1
4 3
5 1
6 2
7 3

#236
5
5 1 3 5 3 
4 2 4 5 2 
2 1
3 2
4 3
5 1

#237
9
4 7 4 8 6 5 2 8 5 
5 5 1 5 3 6 6 2 1 
2 1
3 1
4 1
5 2
6 5
7 2
8 5
9 6

#238
5
2 1 5 1 1 
3 1 2 5 4 
2 1
3 1
4 3
5 1

#239
10
8 7 5 3 10 6 8 8 10 6 
4 5 6 8 9 3 3 10 7 9 
2 1
3 2
4 3
5 3
6 1
7 1
8 3
9 1
10 5

#240
4
3 4 1 4 
3 3 2 4 
2 1
3 2
4 1

#241
9
4 4 8 5 4 1 2 1 4 
5 3 9 9 1 7 5 7 1 
2 1
3 2
4 2
5 2
6 2
7 1
8 3
9 4

#242
8
5 6 8 4 3 5 5 2 
4 5 5 1 7 2 7 1 
2 1
3 1
4 2
5 2
6 3
7 2
8 1

#243
2
1 1 
1 2 
2 1

#244
10
4 3 10 2 2 8 8 4 1 5 
4 1 4 2 7 6 7 6 8 5 
2 1
3 1
4 1
5 2
6 2
7 4
8 4
9 1
10 6

#245
3
2 2 3 
3 1 1 
2 1
3 2

#246
3
1 3 3 
1 3 3 
2 1
3 1

#247
4
4 4 1 2 
4 3 1 2 
2 1
3 2
4 3

#248
10
6 7 5 2 4 6 10 5 9 5 
8 1 6 7 3 4 4 8 9 4 
2 1
3 1
4 3
5 1
6 5
7 6
8 6
9 3
10 3

#249
9
2 9 8 6 4 9 2 4 7 
2 7 5 6 8 8 9 3 9 
2 1
3 1
4 3
5 1
6 1
7 2
8 3
9 7

#250
5
5 1 3 3 3 
5 4 1 4 4 
2 1
3 2
4 1
5 1

#251
10
2 5 3 3 1 5 9 2 9 8 
5 10 5 8 9 4 8 4 9 3 
2 1
3 2
4 1
5 3
6 5
7 6
8 2
9 2
10 9

#252
3
2 1 1 
2 3 3 
2 1
3 2

#253
2
1 2 
1 2 
2 1

#254
4
4 4 1 2 
3 3 3 1 
2 1
3 1
4 3

#255
9
1 9 6 3 9 8 1 9 6 
8 1 7 7 4 4 9 2 1 
2 1
3 2
4 3
5 1
6 4
7 3
8 5
9 2

#256
4
4 2 4 2 
3 1 1 4 
2 1
3 1
4 1

#257
8
4 5 4 5 2 1 3 5 
7 7 7 5 3 8 8 8 
2 1
3 2
4 3
5 3
6 5
7 5
8 7

#258
7
5 3 5 3 5 7 2 
5 6 1 5 5 7 5 
2 1
3 2
4 1
5 1
6 3
7 5

#259
8
2 4 3 6 2 3 2 6 
3 6 2 8 7 4 7 7 
2 1
3 2
4 1
5 3
6 1
7 6
8 4

#260
3
2 2 3 
3 1 2 
2 1
3 1

#261
5
3 5 2 3 4 
2 4 2 5 3 
2 1
3 2
4 3
5 4

#262
6
1 3 6 6 2 1 
4 2 6 3 6 2 
2 1
3 1
4 1
5 4
6 2

#263
9
1 3 8 4 9 6 8 5 1 
6 5 1 5 4 3 2 9 1 
2 1
3 1
4 2
5 1
6 4
7 5
8 5
9 5

#264
8
5 5 3 3 1 6 1 1 
7 3 7 8 1 4 8 7 
2 1
3 2
4 1
5 3
6 2
7 1
8 6

#265
10
9 1 4 5 6 3 5 3 2 3 
10 2 1 8 6 5 5 5 2 3 
2 1
3 1
4 2
5 1
6 5
7 6
8 1
9 1
10 6

#266
5
2 2 1 4 4 
4 2 3 5 5 
2 1
3 2
4 3
5 1

#267
8
1 1 6 2 7 4 5 2 
5 6 3 4 8 2 8 2 
2 1
3 2
4 1
5 4
6 4
7 4
8 3

#268
2
2 1 
1 1 
2 1

#269
8
8 4 8 2 5 5 4 4 
2 4 5 1 4 7 5 8 
2 1
3 1
4 3
5 4
6 2
7 2
8 7

#270
2
2 1 
2 1 
2 1

#271
9
6 5 9 8 4 2 6 6 5 
6 3 4 3 9 1 3 4 2 
2 1
3 2
4 1
5 1
6 3
7 4
8 7
9 5

#272
6
6 5 3 4 1 6 
5 5 6 6 3 5 
2 1
3 1
4 3
5 4
6 2

#273
3
2 3 3 
3 3 2 
2 1
3 1

#274
3
1 2 2 
2 3 2 
2 1
3 1

#275
8
6 8 7 8 6 7 2 5 
7 3 4 1 8 7 2 8 
2 1
3 1
4 1
5 4
6 3
7 2
8 5

#276
10
10 8 1 9 5 6 9 2 5 2 
4 3 5 5 9 1 8 6 7 7 
2 1
3 2
4 2
5 1
6 5
7 1
8 5
9 8
10 6

#277
9
8 5 3 5 8 1 3 5 3 
9 5 8 2 2 7 9 1 1 
2 1
3 2
4 1
5 4
6 1
7 4
8 7
9 2

#278
5
3 5 4 4 1 
3 5 2 1 3 
2 1
3 2
4 3
5 3

#279
9
8 6 7 4 8 9 6 7 2 
9 5 2 2 3 9 8 1 3 
2 1
3 2
4 2
5 3
6 2
7 6
8 2
9 1

#280
7
4 3 1 4 3 7 5 
2 7 3 7 5 2 4 
2 1
3 2
4 2
5 2
6 4
7 5

#281
4
2 3 2 1 
3 1 4 4 
2 1
3 1
4 2

#282
8
4 2 4 5 5 4 8 8 
7 2 6 7 4 2 4 6 
2 1
3 1
4 3
5 4
6 3
7 4
8 6

#283
9
4 4 4 5 8 8 4 8 6 
4 9 5 7 1 3 5 4 9 
2 1
3 2
4 1
5 1
6 1
7 4
8 5
9 1

#284
7
3 7 5 2 3 6 6 
6 2 6 1 6 4 3 
2 1
3 1
4 1
5 4
6 4
7 2

#285
6
4 4 5 1 4 5 
6 5 6 3 5 4 
2 1
3 2
4 2
5 3
6 5

#286
3
2 3 2 
2 2 1 
2 1
3 2

#287
7
6 1 1 6 6 3 6 
1 2 5 2 1 5 6 
2 1
3 1
4 2
5 4
6 2
7 3

#288
8
7 7 7 4 1 3 5 6 
7 5 6 8 4 8 7 4 
2 1
3 1
4 2
5 3
6 4
7 3
8 7

#289
10
4 2 9 1 2 8 6 1 5 8 
1 3 3 8 4 9 6 3 7 1 
2 1
3 1
4 3
5 1
6 3
7 1
8 5
9 2
10 1

#290
9
8 3 3 1 2 2 4 5 2 
5 1 1 8 5 7 3 9 2 
2 1
3 2
4 2
5 1
6 4
7 4
8 2
9 2

#291
3
2 2 2 
3 3 2 
2 1
3 2

#292
2
2 1 
2 2 
2 1

#293
2
1 2 
1 2 
2 1

#294
4
4 1 2 2 
2 3 2 3 
2 1
3 1
4 2

#295
2
1 2 
1 1 
2 1

#296
5
4 1 3 1 2 
2 5 5 5 1 
2 1
3 2
4 2
5 2

#297
7
3 1 6 1 7 7 3 
1 2 5 3 1 6 5 
2 1
3 2
4 3
5 1
6 3
7 6

#298
10
2 10 5 7 6 9 5 8 3 3 
8 9 2 3 2 7 9 2 7 5 
2 1
3 2
4 3
5 2
6 4
7 5
8 7
9 6
10 1

#299
8
4 5 4 4 1 1 1 6 
5 8 2 8 2 6 1 4 
2 1
3 2
4 2
5 3
6 4
7 6
8 3

#300
6
4 6 4 5 1 2 
1 1 2 4 6 6 
2 1
3 1
4 1
5 1
6 3

#301
5
5 1 1 4 3 
5 3 5 1 3 
2 1
3 1
4 3
5 4

#302
10
9 4 7 5 6 9 3 8 4 10 
9 3 7 3 1 10 7 6 2 3 
2 1
3 1
4 3
5 2
6 1
7 2
8 4
9 1
10 5

#303
10
4 6 3 6 4 3 9 4 9 10 
10 8 10 8 5 4 10 6 6 9 
2 1
3 2
4 2
5 1
6 3
7 5
8 4
9 4
10 7

#304
8
5 6 4 3 8 8 5 7 
5 5 3 4 6 5 3 5 
2 1
3 2
4 2
5 3
6 2
7 6
8 6

#305
8
6 2 3 8 4 7 3 4 
6 5 4 1 7 3 8 1 
2 1
3 1
4 3
5 1
6 3
7 3
8 6

#306
7
3 5 3 6 3 6 4 
7 7 2 3 5 1 7 
2 1
3 2
4 1
5 3
6 4
7 4

#307
2
2 2 
1 1 
2 1

#308
6
3 1 5 5 1 6 
4 4 2 2 3 4 
2 1
3 1
4 2
5 2
6 3

#309
10
9 4 10 1 8 2 7 8 2 8 
8 10 7 4 5 10 10 5 3 3 
2 1
3 1
4 3
5 1
6 5
7 1
8 2
9 6
10 5

#310
8
6 1 1 7 5 3 6 5 
1 6 6 4 3 1 4 1 
2 1
3 1
4 1
5 3
6 5
7 3
8 7

#311
5
2 3 5 5 2 
3 4 3 3 5 
2 1
3 2
4 3
5 3

#312
2
2 2 
2 2 
2 1

#313
3
3 2 3 
1 3 2 
2 1
3 1

#314
10
1 10 4 7 8 2 4 10 10 1 
7 9 1 3 5 7 3 6 1 4 
2 1
3 1
4 3
5 3
6 1
7 6
8 7
9 5
10 2

#315
3
3 1 1 
1 2 2 
2 1
3 2

#316
2
1 1 
1 1 
2 1

#317
7
1 5 5 6 2 6 6 
7 4 6 4 7 7 6 
2 1
3 1
4 2
5 2
6 4
7 3

#318
8
2 5 8 4 6 5 1 4 
5 8 7 8 5 6 7 4 
2 1
3 2
4 2
5 4
6 1
7 3
8 4

#319
8
8 6 2 1 7 4 8 2 
1 2 8 3 7 6 7 8 
2 1
3 1
4 2
5 2
6 1
7 1
8 2

#320
4
4 3 1 2 
4 3 1 3 
2 1
3 2
4 3

#321
7
6 7 6 7 3 7 5 
2 5 1 4 3 7 7 
2 1
3 2
4 1
5 1
6 2
7 3

#322
7
2 3 5 5 3 5 1 
6 5 6 5 3 2 3 
2 1
3 1
4 1
5 4
6 4
7 1

#323
3
3 3 3 
2 3 2 
2 1
3 1

#324
4
3 4 3 2 
2 4 2 1 
2 1
3 1
4 2

#325
7
3 6 1 1 1 7 3 
1 3 2 1 7 4 7 
2 1
3 1
4 2
5 1
6 2
7 3

#326
8
1 2 6 1 8 7 5 3 
4 5 6 7 6 1 1 7 
2 1
3 2
4 2
5 4
6 4
7 1
8 2

#327
2
2 2 
1 1 
2 1

#328
5
2 1 2 5 5 
1 1 4 3 1 
2 1
3 2
4 1
5 3

#329
5
4 3 4 1 2 
5 1 1 2 4 
2 1
3 2
4 2
5 4

#330
7
3 7 3 7 4 6 1 
1 5 3 1 2 4 4 
2 1
3 2
4 3
5 1
6 3
7 2

#331
8
1 6 1 7 6 3 5 8 
7 6 6 1 3 6 6 1 
2 1
3 1
4 2
5 3
6 2
7 5
8 7

#332
9
5 9 1 9 1 9 6 8 3 
4 7 5 1 1 7 6 7 1 
2 1
3 1
4 3
5 1
6 3
7 5
8 3
9 7

#333
9
5 6 4 4 2 9 3 6 8 
3 9 3 6 2 1 1 6 6 
2 1
3 1
4 2
5 2
6 5
7 1
8 5
9 8

#334
5
4 4 4 3 2 
5 2 3 2 1 
2 1
3 1
4 1
5 1

#335
9
6 9 4 5 6 7 7 3 3 
7 3 6 1 9 4 9 1 6 
2 1
3 2
4 2
5 4
6 3
7 4
8 3
9 2

#336
10
4 5 8 4 6 8 1 6 3 6 
10 1 2 4 1 5 9 5 5 2 
2 1
3 2
4 3
5 4
6 4
7 3
8 6
9 4
10 7

#337
4
3 1 1 2 
3 1 2 2 
2 1
3 2
4 2

#338
8
8 7 8 5 6 6 2 6 
8 2 5 1 4 5 2 1 
2 1
3 2
4 3
5 1
6 5
7 2
8 7

#339
9
9 9 8 2 3 6 9 9 9 
6 5 7 7 7 8 5 4 2 
2 1
3 2
4 1
5 1
6 5
7 2
8 2
9 8

#340
6
3 3 4 3 4 1 
2 1 2 2 6 5 
2 1
3 2
4 1
5 4
6 3

#341
10
7 2 4 6 8 5 3 5 3 7 
4 4 5 6 4 4 5 4 5 1 
2 1
3 2
4 2
5 2
6 1
7 2
8 3
9 1
10 8

#342
3
3 3 1 
1 3 1 
2 1
3 1

#343
10
9 9 5 4 4 1 5 1 4 3 
6 3 4 1 7 6 3 9 5 5 
2 1
3 1
4 2
5 2
6 4
7 2
8 3
9 8
10 3

#344
4
4 2 2 1 
2 4 2 2 
2 1
3 1
4 2

#345
10
5 8 2 7 6 9 7 7 5 8 
2 6 7 7 9 9 3 4 10 3 
2 1
3 2
4 2
5 1
6 1
7 6
8 4
9 6
10 5

#346
10
8 10 2 3 10 6 5 6 10 8 
5 7 5 3 8 8 3 8 7 8 
2 1
3 2
4 1
5 2
6 2
7 3
8 5
9 5
10 2

#347
9
7 4 5 5 9 4 4 1 7 
9 2 2 1 9 3 7 3 2 
2 1
3 1
4 1
5 1
6 2
7 5
8 2
9 3

#348
9
4 7 9 6 4 2 6 4 7 
8 2 8 2 1 8 3 6 9 
2 1
3 2
4 3
5 3
6 2
7 4
8 7
9 5

#349
6
4 6 4 5 5 3 
5 5 5 1 4 6 
2 1
3 2
4 1
5 3
6 4

#350
5
3 2 1 3 1 
2 4 2 4 1 
2 1
3 1
4 2
5 1

#351
10
8 3 2 4 5 8 8 5 1 2 
4 3 4 9 7 9 7 6 6 3 
2 1
3 1
4 1
5 2
6 5
7 4
8 7
9 1
10 4

#352
8
3 1 3 3 5 1 4 8 
6 4 1 2 6 5 8 5 
2 1
3 2
4 1
5 3
6 1
7 3
8 3

#353
5
3 5 4 4 1 
1 4 2 2 3 
2 1
3 1
4 2
5 4

#354
2
1 1 
2 1 
2 1

#355
7
6 1 2 1 4 5 4 
7 4 2 5 2 5 1 
2 1
3 2
4 3
5 4
6 5
7 4

#356
9
3 2 2 7 6 6 4 8 3 
7 2 1 9 1 5 1 9 4 
2 1
3 1
4 2
5 2
6 1
7 2
8 6
9 5

#357
2
2 1 
2 1 
2 1

#358
4
3 2 3 3 
1 4 3 1 
2 1
3 2
4 1

#359
2
2 2 
2 1 
2 1

#360
6
5 2 5 2 6 6 
6 5 5 5 3 1 
2 1
3 1
4 1
5 1
6 4

#361
3
1 1 1 
2 3 2 
2 1
3 1

#362
4
4 4 4 4 
4 3 3 2 
2 1
3 1
4 1

#363
6
6 3 4 1 1 5 
3 6 4 6 2 2 
2 1
3 2
4 1
5 1
6 5

#364
8
8 3 7 2 5 5 8 7 
2 4 7 4 4 3 6 3 
2 1
3 1
4 2
5 1
6 4
7 5
8 7

#365
4
1 3 4 4 
2 2 3 1 
2 1
3 2
4 2

#366
8
4 3 6 3 2 5 7 4 
2 2 8 4 7 1 2 4 
2 1
3 2
4 2
5 1
6 4
7 1
8 4

#367
7
6 2 3 3 2 3 2 
3 4 5 2 4 1 2 
2 1
3 1
4 3
5 4
6 5
7 2

#368
10
5 9 3 10 8 8 9 7 9 5 
2 2 1 3 5 7 10 2 7 7 
2 1
3 1
4 2
5 2
6 2
7 2
8 2
9 4
10 3

#369
6
2 4 5 2 4 3 
2 1 5 2 5 6 
2 1
3 1
4 2
5 3
6 4

#370
5
3 4 5 3 4 
3 4 5 1 3 
2 1
3 1
4 2
5 3

#371
10
2 6 3 2 10 4 7 1 9 8 
10 8 5 3 8 3 7 7 5 4 
2 1
3 2
4 1
5 4
6 3
7 6
8 2
9 4
10 2

#372
5
4 3 5 1 2 
5 4 5 3 4 
2 1
3 2
4 1
5 4

#373
2
2 1 
1 2 
2 1

#374
8
4 2 6 1 4 5 1 4 
5 4 2 3 5 3 8 7 
2 1
3 1
4 1
5 3
6 1
7 3
8 3

#375
8
8 1 8 8 4 6 1 2 
7 7 1 8 4 2 4 3 
2 1
3 2
4 1
5 2
6 2
7 3
8 7

#376
9
8 8 5 3 6 7 7 1 6 
7 5 1 3 8 9 7 1 5 
2 1
3 2
4 2
5 1
6 1
7 5
8 2
9 4

#377
3
2 2 3 
3 2 3 
2 1
3 1

#378
7
1 2 6 3 1 2 1 
6 5 7 6 4 6 5 
2 1
3 2
4 3
5 3
6 1
7 5

#379
3
3 2 1 
1 3 2 
2 1
3 1

#380
7
1 1 7 6 5 6 2 
6 6 6 2 1 6 6 
2 1
3 1
4 2
5 4
6 3
7 2

#381
8
8 4 1 5 5 8 3 2 
2 4 2 6 2 2 2 6 
2 1
3 2
4 2
5 1
6 2
7 6
8 6

#382
5
5 5 2 4 2 
3 3 3 2 3 
2 1
3 2
4 1
5 2

#383
8
7 6 6 1 4 2 1 7 
8 5 6 7 1 1 8 2 
2 1
3 2
4 1
5 1
6 5
7 4
8 3

#384
3
2 3 2 
2 2 2 
2 1
3 2

#385
2
1 2 
1 2 
2 1

#386
7
4 6 3 6 6 6 2 
3 1 1 1 6 2 4 
2 1
3 1
4 3
5 1
6 1
7 1

#387
6
2 4 2 4 6 5 
3 6 2 6 3 2 
2 1
3 2
4 2
5 3
6 5

#388
2
2 2 
1 2 
2 1

#389
6
1 1 4 4 1 2 
6 1 6 6 4 6 
2 1
3 2
4 2
5 4
6 2

#390
7
2 3 7 6 7 1 1 
4 4 5 1 2 7 3 
2 1
3 1
4 3
5 1
6 5
7 4

#391
9
9 8 7 4 1 5 9 5 9 
3 5 1 5 4 3 5 9 5 
2 1
3 2
4 1
5 2
6 4
7 5
8 2
9 8

#392
3
2 3 2 
2 1 3 
2 1
3 1

#393
4
1 4 4 2 
3 4 3 2 
2 1
3 1
4 3

#394
4
3 3 4 1 
2 2 4 2 
2 1
3 1
4 1

#395
8
7 7 7 4 8 2 2 6 
8 7 8 2 1 3 8 5 
2 1
3 2
4 2
5 2
6 2
7 2
8 5

#396
4
2 2 1 2 
2 3 3 1 
2 1
3 2
4 1

#397
6
6 5 6 2 2 2 
2 4 1 4 1 6 
2 1
3 1
4 3
5 2
6 4

#398
9
6 5 9 2 8 9 5 8 6 
1 8 8 6 7 5 8 8 4 
2 1
3 1
4 3
5 4
6 5
7 6
8 6
9 6

#399
9
1 4 2 3 9 5 5 6 5 
5 3 2 1 8 4 6 6 1 
2 1
3 2
4 1
5 4
6 1
7 4
8 3
9 2

#400
2
1 1 
2 2 
2 1

#401
4
3 3 4 4 
4 3 1 4 
2 1
3 2
4 3

#402
5
4 1 3 3 3 
1 1 4 3 1 
2 1
3 1
4 2
5 4

#403
10
9 6 1 1 7 6 8 10 10 10 
6 7 5 8 9 8 5 9 5 4 
2 1
3 1
4 1
5 2
6 1
7 1
8 2
9 1
10 3

#404
8
3 3 8 5 1 3 1 8 
5 4 7 3 2 5 6 1 
2 1
3 1
4 3
5 2
6 1
7 2
8 4

#405
6
3 4 6 6 2 4 
5 1 3 1 1 3 
2 1
3 1
4 2
5 4
6 5

#406
4
1 2 4 4 
1 2 2 2 
2 1
3 2
4 1

#407
2
1 1 
2 1 
2 1

#408
6
1 3 5 4 1 2 
1 1 5 5 1 3 
2 1
3 1
4 1
5 1
6 2

#409
5
3 2 2 5 5 
4 1 1 4 3 
2 1
3 2
4 3
5 1

#410
3
2 3 1 
1 1 2 
2 1
3 1

#411
7
4 1 1 6 2 5 2 
1 6 3 7 4 3 6 
2 1
3 1
4 1
5 4
6 3
7 3

#412
8
8 7 5 5 1 7 1 2 
7 2 8 4 1 4 7 8 
2 1
3 2
4 1
5 4
6 2
7 3
8 3

#413
10
10 4 4 6 5 2 1 8 6 3 
8 5 2 10 2 1 10 1 8 8 
2 1
3 1
4 3
5 1
6 2
7 3
8 2
9 2
10 4

#414
10
9 1 8 5 2 3 6 9 2 9 
2 1 7 3 8 1 1 6 4 7 
2 1
3 1
4 1
5 2
6 5
7 1
8 6
9 3
10 5

#415
4
3 1 2 4 
2 2 1 4 
2 1
3 2
4 2

#416
10
2 9 1 8 9 7 4 2 2 10 
7 6 8 5 3 3 1 1 7 7 
2 1
3 1
4 2
5 2
6 3
7 6
8 6
9 1
10 9

#417
7
4 7 2 6 5 5 2 
6 6 4 3 3 5 6 
2 1
3 1
4 3
5 1
6 1
7 3

#418
10
7 3 9 8 4 3 1 8 9 2 
5 8 9 4 2 7 7 3 1 5 
2 1
3 2
4 3
5 4
6 4
7 5
8 3
9 8
10 3

#419
9
9 8 2 9 1 6 9 2 5 
3 1 2 3 9 2 2 5 6 
2 1
3 1
4 3
5 4
6 1
7 4
8 3
9 1

#420
10
5 5 6 8 7 5 1 5 3 10 
3 6 8 10 3 8 10 1 9 9 
2 1
3 1
4 2
5 1
6 4
7 6
8 4
9 1
10 1

#421
10
2 9 1 10 10 8 8 9 1 4 
9 1 7 4 5 9 6 10 9 1 
2 1
3 1
4 1
5 1
6 3
7 3
8 2
9 7
10 7

#422
5
4 2 4 5 4 
2 2 4 5 2 
2 1
3 1
4 3
5 2

#423
4
2 3 3 3 
4 2 1 3 
2 1
3 2
4 3

#424
8
1 4 8 6 7 5 4 4 
7 4 4 1 7 4 5 8 
2 1
3 2
4 2
5 3
6 4
7 4
8 5

#425
8
4 3 3 8 6 5 2 3 
4 3 4 8 5 4 6 8 
2 1
3 2
4 1
5 1
6 2
7 1
8 1

#426
6
2 6 5 1 2 4 
4 3 3 3 4 5 
2 1
3 1
4 2
5 3
6 1

#427
4
2 2 4 4 
4 3 4 2 
2 1
3 2
4 3

#428
2
1 2 
2 2 
2 1

#429
7
7 2 5 2 6 7 3 
3 6 7 2 4 1 7 
2 1
3 2
4 3
5 2
6 3
7 3

#430
4
1 1 3 2 
2 4 3 4 
2 1
3 2
4 2

#431
7
3 2 6 6 5 7 3 
2 7 1 1 4 1 6 
2 1
3 2
4 2
5 2
6 5
7 3

#432
8
3 4 1 6 7 4 3 2 
4 2 3 3 4 8 5 2 
2 1
3 1
4 2
5 2
6 5
7 1
8 1

#433
10
10 1 1 2 10 1 3 10 10 2 
5 4 3 5 3 10 8 9 6 9 
2 1
3 1
4 2
5 4
6 3
7 4
8 4
9 3
10 4

#434
2
2 2 
1 1 
2 1

#435
7
5 3 1 6 2 5 4 
2 2 4 3 1 1 3 
2 1
3 2
4 3
5 1
6 1
7 1

#436
2
2 1 
1 1 
2 1

#437
10
6 8 9 8 10 3 4 9 4 9 
2 10 2 4 3 6 7 5 9 9 
2 1
3 1
4 1
5 4
6 4
7 6
8 3
9 3
10 1

#438
3
1 2 1 
2 3 3 
2 1
3 1

#439
2
1 2 
2 1 
2 1

#440
4
2 4 1 1 
3 2 2 3 
2 1
3 1
4 3

#441
7
4 2 6 7 6 7 4 
2 2 3 4 4 4 5 
2 1
3 2
4 1
5 4
6 5
7 4

#442
9
4 4 8 4 9 9 6 9 5 
6 6 2 7 7 4 9 7 6 
2 1
3 1
4 2
5 3
6 5
7 2
8 1
9 1

#443
5
2 1 5 3 3 
2 4 3 5 2 
2 1
3 2
4 2
5 2

#444
9
9 4 6 1 5 6 4 5 4 
1 4 8 4 4 2 5 2 4 
2 1
3 2
4 1
5 1
6 2
7 4
8 7
9 8

#445
6
2 2 2 2 6 5 
4 1 2 5 1 6 
2 1
3 1
4 2
5 3
6 3

#446
9
2 9 1 7 1 2 9 3 8 
9 4 4 2 1 9 8 1 5 
2 1
3 2
4 3
5 1
6 1
7 1
8 4
9 4

#447
3
1 3 1 
2 2 3 
2 1
3 2

#448
9
1 5 2 6 9 8 5 4 6 
9 4 7 7 8 2 5 3 4 
2 1
3 2
4 2
5 1
6 2
7 5
8 6
9 4

#449
3
2 2 1 
1 2 1 
2 1
3 2

#450
5
2 4 3 1 5 
1 5 3 3 3 
2 1
3 1
4 2
5 3

#451
7
7 2 2 1 5 5 6 
4 3 6 3 7 3 2 
2 1
3 2
4 3
5 1
6 1
7 4

#452
10
7 3 2 10 9 7 5 5 4 6 
6 10 5 6 3 2 6 10 1 3 
2 1
3 2
4 2
5 3
6 4
7 1
8 3
9 4
10 3

#453
9
2 5 2 5 8 7 9 6 3 
4 8 4 9 9 3 6 9 1 
2 1
3 1
4 1
5 3
6 2
7 4
8 4
9 1

#454
10
10 4 5 1 7 5 1 5 6 6 
8 8 1 10 5 3 9 3 9 4 
2 1
3 1
4 1
5 4
6 3
7 4
8 4
9 4
10 5

#455
4
3 2 2 4 
4 4 3 4 
2 1
3 2
4 3

#456
6
3 5 5 6 2 5 
1 1 1 3 6 1 
2 1
3 1
4 2
5 3
6 1

#457
6
4 2 6 3 4 5 
4 4 3 3 2 1 
2 1
3 1
4 3
5 2
6 1

#458
10
2 3 3 3 5 9 1 9 5 3 
1 4 1 6 9 8 9 3 4 9 
2 1
3 2
4 1
5 2
6 1
7 1
8 2
9 6
10 3

#459
9
7 9 7 5 6 9 5 5 1 
5 4 4 9 2 8 4 7 1 
2 1
3 1
4 2
5 4
6 5
7 3
8 3
9 2

#460
6
3 3 6 5 3 6 
2 6 1 1 4 4 
2 1
3 1
4 3
5 4
6 2

#461
3
3 1 3 
2 2 2 
2 1
3 1

#462
4
4 1 3 3 
1 1 4 2 
2 1
3 2
4 3

#463
6
2 2 6 6 5 4 
6 3 3 4 4 1 
2 1
3 2
4 2
5 1
6 5

#464
3
1 1 3 
2 3 2 
2 1
3 2

#465
5
4 5 1 3 5 
1 4 2 1 5 
2 1
3 2
4 1
5 2

#466
7
4 7 2 6 7 4 7 
6 1 1 3 2 1 1 
2 1
3 1
4 3
5 1
6 5
7 4

#467
8
4 5 1 3 2 6 2 7 
5 2 2 3 7 8 4 2 
2 1
3 1
4 3
5 1
6 3
7 1
8 4

#468
3
2 2 3 
1 3 2 
2 1
3 1

#469
7
2 4 7 6 5 6 3 
3 5 7 5 4 3 7 
2 1
3 2
4 1
5 4
6 2
7 3

#470
3
2 2 3 
2 2 1 
2 1
3 1

#471
9
9 5 3 8 7 1 9 5 8 
2 6 1 4 8 9 7 6 4 
2 1
3 2
4 2
5 3
6 5
7 5
8 4
9 2

#472
4
2 1 4 2 
3 1 1 1 
2 1
3 1
4 3

#473
2
1 1 
1 1 
2 1

#474
10
10 8 4 2 9 6 3 2 7 3 
5 2 7 5 6 2 4 3 10 5 
2 1
3 2
4 1
5 2
6 1
7 4
8 5
9 4
10 2

#475
9
1 5 7 2 3 9 9 8 7 
3 4 2 8 5 8 9 4 4 
2 1
3 1
4 1
5 4
6 3
7 4
8 3
9 8

#476
7
5 2 7 5 2 2 4 
6 3 6 4 5 6 4 
2 1
3 2
4 3
5 1
6 5
7 1

#477
2
2 1 
1 1 
2 1

#478
7
7 6 4 2 6 4 7 
4 6 4 4 7 6 7 
2 1
3 2
4 1
5 4
6 1
7 6

#479
10
1 7 6 8 2 9 2 6 8 6 
2 4 3 1 8 7 6 2 9 5 
2 1
3 2
4 1
5 4
6 5
7 5
8 2
9 6
10 2

#480
7
7 2 5 7 2 5 2 
1 4 6 4 5 6 6 
2 1
3 1
4 3
5 3
6 4
7 3

#481
5
4 4 4 3 4 
1 5 1 3 5 
2 1
3 1
4 3
5 4

#482
2
1 1 
1 2 
2 1

#483
5
3 3 2 2 3 
4 5 3 3 1 
2 1
3 1
4 3
5 2

#484
3
1 3 2 
1 1 1 
2 1
3 1

#485
5
5 1 1 1 2 
1 5 2 3 4 
2 1
3 2
4 2
5 1

#486
4
4 2 2 2 
4 3 4 4 
2 1
3 2
4 3

#487
5
4 5 4 4 1 
1 3 1 2 3 
2 1
3 2
4 3
5 3

#488
5
1 3 4 3 3 
3 3 2 4 1 
2 1
3 1
4 2
5 1

#489
10
7 8 3 5 6 6 3 3 5 10 
6 5 8 3 3 6 2 1 4 8 
2 1
3 2
4 1
5 4
6 4
7 4
8 3
9 3
10 1

#490
2
2 2 
1 1 
2 1

#491
5
4 5 3 2 1 
1 5 3 1 1 
2 1
3 1
4 2
5 4

#492
9
5 4 3 5 4 3 1 7 5 
1 7 5 6 9 5 6 4 1 
2 1
3 1
4 1
5 2
6 2
7 1
8 6
9 6

#493
2
1 1 
2 1 
2 1

#494
2
2 1 
2 2 
2 1

#495
10
8 6 7 3 1 7 2 1 9 8 
1 6 10 1 6 7 7 6 2 2 
2 1
3 1
4 1
5 1
6 2
7 2
8 7
9 4
10 7

#496
7
5 5 7 1 4 4 5 
3 2 6 4 6 6 3 
2 1
3 1
4 1
5 2
6 2
7 2

#497
6
4 5 6 4 4 4 
6 3 6 2 1 5 
2 1
3 2
4 3
5 3
6 5

#498
5
3 3 4 5 1 
2 4 1 1 3 
2 1
3 2
4 1
5 4

#499
6
4 5 1 4 6 4 
6 5 4 3 2 5 
2 1
3 2
4 2
5 1
6 5

#500
2
1 2 
1 1 
2 1

#501
2
1 2 
2 1 
2 1

#502
9
5 5 7 4 4 3 9 7 1 
4 4 8 1 3 5 8 6 3 
2 1
3 2
4 1
5 3
6 4
7 2
8 7
9 4

#503
5
3 1 4 3 2 
2 5 1 2 4 
2 1
3 2
4 1
5 3

#504
4
1 3 2 1 
1 1 1 2 
2 1
3 2
4 1

#505
9
3 9 8 8 1 4 2 2 7 
4 5 7 3 5 2 6 8 7 
2 1
3 2
4 2
5 2
6 2
7 4
8 5
9 4

#506
3
1 2 2 
3 1 3 
2 1
3 2

#507
4
3 1 1 3 
4 2 4 3 
2 1
3 2
4 3

#508
5
2 4 1 5 1 
2 4 1 5 5 
2 1
3 2
4 3
5 1

#509
8
3 5 1 8 5 8 7 6 
3 8 2 4 7 4 5 5 
2 1
3 1
4 1
5 4
6 2
7 2
8 3

#510
6
5 4 2 2 2 3 
5 3 6 4 1 1 
2 1
3 2
4 1
5 1
6 5

#511
9
5 5 5 9 1 8 5 9 7 
2 4 7 2 5 6 7 9 2 
2 1
3 1
4 2
5 1
6 5
7 3
8 7
9 4

#512
7
3 7 1 1 1 4 4 
5 1 7 1 6 4 4 
2 1
3 2
4 3
5 3
6 1
7 4

#513
2
2 1 
2 2 
2 1

#514
3
2 2 2 
2 2 3 
2 1
3 1

#515
9
8 6 2 5 8 6 9 1 9 
6 2 5 4 3 6 1 1 7 
2 1
3 2
4 1
5 4
6 4
7 4
8 5
9 7

#516
5
5 5 2 3 1 
1 4 1 2 1 
2 1
3 1
4 3
5 4

#517
7
3 6 6 5 1 3 2 
3 4 2 7 7 4 3 
2 1
3 1
4 3
5 4
6 5
7 1

#518
3
1 3 2 
2 2 2 
2 1
3 2

#519
4
4 4 1 2 
1 1 4 3 
2 1
3 1
4 3

#520
6
1 3 3 6 2 1 
5 4 3 6 6 1 
2 1
3 1
4 2
5 3
6 5

#521
10
4 10 6 10 7 7 6 1 1 4 
7 6 9 9 4 5 2 7 6 6 
2 1
3 1
4 2
5 2
6 2
7 3
8 3
9 8
10 8

#522
3
1 2 3 
1 1 1 
2 1
3 1

#523
4
4 3 1 4 
4 3 1 3 
2 1
3 2
4 2

#524
8
6 7 2 5 4 3 1 8 
6 7 5 8 3 7 1 7 
2 1
3 1
4 2
5 3
6 3
7 3
8 1

#525
7
4 1 1 6 6 4 3 
4 4 4 1 3 2 3 
2 1
3 2
4 1
5 3
6 3
7 4

#526
8
5 3 3 2 5 3 7 6 
4 3 7 6 7 8 7 8 
2 1
3 2
4 3
5 4
6 4
7 1
8 6

#527
8
3 1 4 2 6 6 8 7 
2 8 8 3 1 4 7 8 
2 1
3 2
4 3
5 4
6 1
7 5
8 7

#528
8
2 2 2 1 7 7 4 8 
3 6 2 1 8 7 1 5 
2 1
3 2
4 1
5 2
6 2
7 2
8 5

#529
4
3 1 4 2 
3 3 3 2 
2 1
3 1
4 2

#530
2
1 2 
1 2 
2 1

#531
4
3 1 3 1 
2 4 3 3 
2 1
3 2
4 2

#532
5
5 3 1 2 4 
1 1 1 4 2 
2 1
3 1
4 1
5 3

#533
6
1 6 6 3 6 5 
5 1 5 1 5 4 
2 1
3 2
4 3
5 2
6 2

#534
6
5 6 6 5 3 3 
6 2 2 6 4 2 
2 1
3 2
4 3
5 1
6 2

#535
7
6 5 2 3 2 7 4 
2 5 6 7 7 7 4 
2 1
3 2
4 2
5 1
6 5
7 1

#536
6
6 3 1 3 4 6 
2 6 6 5 1 1 
2 1
3 1
4 1
5 4
6 3

#537
5
1 2 4 4 1 
1 4 1 5 4 
2 1
3 1
4 1
5 2

#538
2
1 2 
1 2 
2 1

#539
4
3 2 1 3 
4 4 1 1 
2 1
3 1
4 2

#540
7
2 1 4 1 7 5 3 
7 7 2 7 7 3 2 
2 1
3 1
4 1
5 2
6 2
7 4

#541
6
3 6 3 2 1 1 
4 5 5 3 4 4 
2 1
3 2
4 2
5 1
6 4

#542
5
1 1 3 4 5 
1 5 5 3 4 
2 1
3 1
4 3
5 1

#543
10
3 8 3 1 10 4 5 1 6 8 
7 1 8 1 7 8 8 10 4 10 
2 1
3 2
4 3
5 3
6 2
7 5
8 4
9 4
10 4

#544
9
2 7 6 5 7 9 9 9 2 
7 3 2 4 1 7 9 3 2 
2 1
3 2
4 1
5 3
6 2
7 4
8 4
9 2

#545
10
3 7 5 3 6 9 6 7 9 5 
10 4 2 8 1 4 10 1 2 8 
2 1
3 1
4 1
5 4
6 1
7 1
8 7
9 1
10 3

#546
4
2 2 4 4 
1 2 2 3 
2 1
3 2
4 3

#547
3
2 1 3 
1 3 3 
2 1
3 1

#548
4
1 4 1 3 
1 4 1 1 
2 1
3 1
4 1

#549
8
1 1 7 6 3 1 4 1 
8 3 8 5 4 7 3 8 
2 1
3 1
4 3
5 4
6 3
7 5
8 5

#550
4
2 4 1 4 
1 2 4 3 
2 1
3 2
4 2

#551
10
7 3 6 6 7 7 1 7 4 4 
7 8 8 7 9 1 5 3 8 6 
2 1
3 2
4 2
5 2
6 5
7 1
8 4
9 5
10 4

#552
5
2 3 1 1 2 
1 4 5 5 4 
2 1
3 1
4 2
5 2

#553
6
5 6 3 4 5 2 
5 4 1 3 6 4 
2 1
3 2
4 3
5 1
6 4

#554
9
6 5 3 9 6 8 4 1 2 
6 3 3 4 5 6 1 7 5 
2 1
3 1
4 2
5 1
6 3
7 2
8 4
9 6

#555
7
4 2 6 3 4 7 3 
6 2 5 3 4 5 3 
2 1
3 1
4 1
5 3
6 5
7 2

#556
9
2 1 3 5 5 4 7 9 3 
1 6 5 5 6 3 4 3 7 
2 1
3 2
4 2
5 1
6 5
7 4
8 5
9 7

#557
3
1 2 2 
2 2 3 
2 1
3 2

#558
2
2 1 
1 2 
2 1

#559
6
1 5 3 4 5 4 
6 5 2 4 1 1 
2 1
3 1
4 3
5 3
6 1

#560
5
3 4 3 1 2 
5 5 2 3 2 
2 1
3 2
4 2
5 4

#561
6
1 5 3 6 5 4 
3 4 6 5 6 1 
2 1
3 2
4 3
5 3
6 4

#562
8
7 5 4 3 2 5 5 4 
3 6 7 5 5 5 6 6 
2 1
3 1
4 1
5 3
6 1
7 3
8 4

#563
8
8 6 2 5 2 8 3 3 
6 5 1 5 6 7 4 3 
2 1
3 1
4 1
5 2
6 3
7 5
8 5

#564
4
2 2 1 1 
3 1 1 1 
2 1
3 2
4 2

#565
3
3 1 3 
1 1 1 
2 1
3 2

#566
6
3 5 2 5 5 6 
5 1 6 3 5 3 
2 1
3 2
4 2
5 2
6 3

#567
10
2 10 2 3 9 3 1 10 8 8 
2 5 3 10 6 3 3 1 6 6 
2 1
3 2
4 2
5 4
6 5
7 1
8 4
9 2
10 8

#568
6
2 2 5 1 5 3 
2 3 6 6 5 3 
2 1
3 1
4 2
5 2
6 5

#569
6
5 1 1 1 5 6 
3 1 6 5 6 6 
2 1
3 2
4 3
5 2
6 5

#570
10
3 6 4 3 6 5 4 1 8 3 
1 1 10 5 8 5 1 8 5 4 
2 1
3 2
4 2
5 3
6 3
7 6
8 4
9 6
10 3

#571
8
5 8 7 6 5 3 5 3 
1 8 8 5 7 2 6 5 
2 1
3 2
4 1
5 2
6 4
7 1
8 2

#572
7
4 3 6 6 2 3 3 
2 5 3 1 1 7 7 
2 1
3 2
4 2
5 1
6 4
7 5

#573
3
3 3 2 
1 1 2 
2 1
3 1

#574
9
4 3 9 2 3 7 5 8 9 
6 8 9 6 5 2 3 8 4 
2 1
3 2
4 3
5 3
6 2
7 3
8 6
9 5

#575
5
4 5 1 2 3 
4 3 5 1 4 
2 1
3 1
4 2
5 2

#576
8
4 4 6 7 8 4 5 7 
3 4 1 1 2 4 3 4 
2 1
3 1
4 3
5 1
6 2
7 4
8 4

#577
5
5 3 1 5 1 
1 2 2 2 4 
2 1
3 1
4 1
5 3

#578
6
2 4 3 4 3 3 
1 6 4 1 2 6 
2 1
3 2
4 2
5 3
6 1

#579
4
1 3 1 2 
2 2 2 1 
2 1
3 1
4 2

#580
2
1 2 
1 1 
2 1

#581
5
5 3 3 3 2 
1 4 3 5 1 
2 1
3 2
4 1
5 4

#582
6
3 3 4 4 4 3 
5 1 4 6 3 5 
2 1
3 2
4 1
5 1
6 4

#583
5
2 2 4 3 4 
4 4 1 5 1 
2 1
3 1
4 3
5 4

#584
6
4 1 1 1 6 6 
6 5 4 5 5 1 
2 1
3 2
4 2
5 2
6 3

#585
9
8 3 1 8 6 1 2 3 2 
2 2 4 4 2 5 9 2 2 
2 1
3 2
4 1
5 3
6 2
7 3
8 1
9 7

#586
4
1 4 1 3 
4 1 3 3 
2 1
3 1
4 1

#587
7
5 3 6 5 6 3 5 
4 4 1 2 3 7 5 
2 1
3 2
4 3
5 2
6 4
7 5

#588
10
9 9 4 9 1 7 5 1 6 9 
4 7 5 3 9 9 8 7 5 10 
2 1
3 1
4 1
5 2
6 5
7 5
8 5
9 8
10 9

#589
7
1 6 5 7 2 6 1 
7 6 3 3 2 2 7 
2 1
3 1
4 1
5 3
6 3
7 1

#590
10
4 9 1 2 10 6 3 7 3 7 
5 10 10 3 3 7 6 3 5 2 
2 1
3 1
4 3
5 3
6 4
7 3
8 3
9 5
10 4

#591
4
4 4 1 2 
3 2 2 1 
2 1
3 2
4 3

#592
6
1 2 4 1 5 2 
3 5 2 2 1 3 
2 1
3 2
4 3
5 1
6 1

#593
6
5 1 5 3 1 6 
6 3 2 6 5 2 
2 1
3 2
4 1
5 2
6 2

#594
7
5 2 2 4 6 7 1 
1 7 2 5 4 1 2 
2 1
3 2
4 2
5 4
6 1
7 1

#595
9
1 4 3 9 6 5 8 8 8 
1 1 7 9 3 8 7 9 8 
2 1
3 2
4 1
5 1
6 5
7 5
8 6
9 3

#596
8
6 5 3 2 4 2 6 6 
6 3 2 3 7 1 4 7 
2 1
3 2
4 3
5 3
6 5
7 4
8 6

#597
2
2 1 
2 1 
2 1

#598
5
4 4 5 3 1 
1 5 2 2 1 
2 1
3 2
4 2
5 1

#599
6
4 5 2 4 5 2 
3 1 6 4 4 1 
2 1
3 1
4 2
5 2
6 3

#600
3
3 3 3 
3 1 2 
2 1
3 1

#601
9
4 4 2 4 2 4 8 3 9 
8 6 3 5 3 5 3 2 9 
2 1
3 1
4 1
5 3
6 3
7 2
8 2
9 8

#602
4
1 3 1 4 
3 4 4 1 
2 1
3 1
4 2

#603
4
1 2 1 2 
1 1 1 2 
2 1
3 1
4 3

#604
2
1 1 
2 1 
2 1

#605
7
3 6 3 3 7 1 2 
3 4 1 1 4 3 6 
2 1
3 1
4 1
5 3
6 3
7 3

#606
2
1 1 
1 1 
2 1

#607
7
4 2 7 4 1 6 6 
4 3 2 4 6 5 2 
2 1
3 1
4 1
5 3
6 4
7 3

#608
5
1 1 3 2 1 
2 1 3 1 4 
2 1
3 1
4 1
5 3

#609
9
5 2 9 9 6 4 5 4 5 
3 9 2 4 2 3 3 6 2 
2 1
3 1
4 3
5 1
6 2
7 4
8 3
9 1

#610
6
6 3 6 3 5 5 
5 4 5 3 6 6 
2 1
3 2
4 1
5 3
6 4

#611
5
3 2 5 5 1 
5 3 1 3 4 
2 1
3 2
4 2
5 3

#612
2
1 1 
1 1 
2 1

#613
2
2 1 
2 2 
2 1

#614
8
8 3 8 8 6 7 5 6 
3 6 5 3 8 6 2 6 
2 1
3 1
4 1
5 3
6 3
7 5
8 1

#615
2
2 2 
2 1 
2 1

#616
10
5 4 1 10 10 10 4 3 9 5 
10 1 7 1 7 3 5 7 6 1 
2 1
3 2
4 1
5 4
6 3
7 6
8 5
9 3
10 2

#617
9
7 4 2 7 3 4 6 8 5 
6 8 8 6 4 2 5 6 7 
2 1
3 1
4 2
5 2
6 1
7 2
8 2
9 2

#618
10
5 10 7 4 5 5 2 9 10 3 
9 3 7 2 9 9 4 3 7 7 
2 1
3 1
4 1
5 2
6 1
7 5
8 2
9 5
10 5

#619
9
9 8 5 2 5 6 4 7 5 
9 1 1 1 6 8 5 3 1 
2 1
3 1
4 2
5 4
6 3
7 1
8 2
9 8

#620
9
5 5 7 7 2 3 8 2 8 
5 5 7 3 7 5 9 2 1 
2 1
3 1
4 1
5 4
6 3
7 5
8 7
9 2

#621
5
3 2 2 2 5 
3 2 5 1 4 
2 1
3 2
4 2
5 3

#622
7
5 2 4 3 4 7 1 
2 2 6 5 3 4 4 
2 1
3 2
4 1
5 4
6 2
7 6

#623
5
2 2 3 5 3 
3 4 2 4 1 
2 1
3 1
4 1
5 1

#624
2
1 2 
1 1 
2 1

#625
3
2 3 3 
1 1 1 
2 1
3 2

#626
10
10 6 5 10 6 7 4 3 9 3 
6 4 2 2 4 5 4 6 2 9 
2 1
3 1
4 2
5 1
6 3
7 5
8 6
9 5
10 6

#627
9
5 4 1 3 6 8 4 7 9 
8 4 5 2 3 9 5 4 9 
2 1
3 1
4 1
5 3
6 2
7 6
8 4
9 4

#628
9
3 3 6 3 6 5 5 2 6 
7 6 4 2 6 9 8 7 4 
2 1
3 2
4 1
5 4
6 1
7 1
8 2
9 3

#629
2
2 1 
1 1 
2 1

#630
9
4 3 4 3 4 2 5 2 6 
1 3 5 3 5 9 6 7 1 
2 1
3 1
4 1
5 3
6 4
7 6
8 2
9 2

#631
6
6 3 3 3 2 5 
3 6 1 1 2 4 
2 1
3 1
4 3
5 1
6 5

#632
8
1 5 4 8 6 8 3 2 
5 8 4 5 4 6 5 5 
2 1
3 2
4 2
5 1
6 2
7 2
8 7

#633
6
5 3 3 6 3 6 
1 2 3 4 4 6 
2 1
3 2
4 2
5 1
6 5

#634
7
4 4 2 7 4 6 5 
4 2 2 1 2 1 3 
2 1
3 1
4 3
5 4
6 5
7 3

#635
4
4 3 4 1 
1 3 3 1 
2 1
3 1
4 1

#636
7
3 3 1 4 3 2 1 
6 4 6 5 3 4 3 
2 1
3 2
4 3
5 3
6 4
7 1

#637
4
4 3 3 4 
4 3 2 3 
2 1
3 1
4 3

#638
4
4 2 4 2 
2 4 4 1 
2 1
3 1
4 2

#639
6
4 3 5 1 2 2 
1 4 3 1 2 3 
2 1
3 1
4 3
5 1
6 2

#640
3
2 3 2 
2 3 3 
2 1
3 2

#641
6
3 5 1 3 1 2 
2 2 3 5 1 5 
2 1
3 2
4 3
5 1
6 5

#642
7
5 2 6 7 6 1 3 
2 3 5 3 5 7 4 
2 1
3 1
4 2
5 2
6 5
7 6

#643
2
1 1 
2 2 
2 1

#644
7
5 7 6 7 7 2 4 
4 1 6 3 5 3 6 
2 1
3 1
4 1
5 2
6 3
7 1

#645
2
2 1 
1 1 
2 1

#646
7
2 3 6 3 7 6 2 
5 3 1 5 3 3 3 
2 1
3 2
4 1
5 3
6 5
7 1

#647
7
4 2 6 3 4 6 7 
6 6 1 1 2 4 3 
2 1
3 1
4 2
5 1
6 4
7 3

#648
4
4 1 1 3 
4 4 1 3 
2 1
3 2
4 2

#649
7
2 3 4 7 3 5 7 
5 1 2 7 6 4 7 
2 1
3 2
4 1
5 3
6 1
7 4

#650
4
1 1 4 4 
3 4 4 4 
2 1
3 1
4 3

#651
2
1 2 
1 2 
2 1

#652
6
2 1 6 5 6 2 
1 1 6 1 4 5 
2 1
3 1
4 3
5 3
6 3

#653
7
6 3 5 4 7 7 5 
7 5 7 3 7 2 7 
2 1
3 1
4 3
5 2
6 3
7 3

#654
5
3 5 3 2 5 
2 4 2 2 3 
2 1
3 2
4 3
5 3

#655
8
7 5 2 2 7 4 1 2 
2 7 8 7 8 1 6 1 
2 1
3 2
4 3
5 1
6 1
7 4
8 7

#656
4
1 2 2 2 
2 3 4 2 
2 1
3 2
4 2

#657
4
2 4 1 3 
2 1 2 1 
2 1
3 1
4 3

#658
6
6 4 4 4 6 2 
4 4 5 2 2 2 
2 1
3 2
4 2
5 2
6 2

#659
7
6 1 3 7 6 4 2 
4 1 3 4 6 7 5 
2 1
3 1
4 1
5 1
6 2
7 3

#660
2
1 2 
2 1 
2 1

#661
4
1 3 3 4 
4 2 1 1 
2 1
3 2
4 2

#662
4
3 4 1 2 
3 3 4 2 
2 1
3 1
4 2

#663
2
2 1 
2 2 
2 1

#664
6
5 5 1 6 6 6 
1 2 4 4 6 4 
2 1
3 2
4 1
5 3
6 1

#665
4
4 2 4 1 
1 1 1 1 
2 1
3 1
4 3

#666
3
2 2 3 
2 2 2 
2 1
3 1

#667
7
3 4 6 6 5 4 2 
7 5 1 6 2 7 6 
2 1
3 1
4 3
5 3
6 3
7 1

#668
10
10 9 6 1 4 4 7 2 6 5 
4 6 2 7 2 6 1 6 8 8 
2 1
3 2
4 2
5 4
6 3
7 6
8 7
9 1
10 3

#669
4
1 2 4 2 
3 4 4 2 
2 1
3 1
4 2

#670
5
1 4 3 3 1 
5 4 3 3 5 
2 1
3 1
4 3
5 3

#671
9
6 4 7 3 5 2 4 5 1 
5 8 5 6 5 6 9 8 5 
2 1
3 1
4 3
5 2
6 3
7 3
8 5
9 2

#672
9
7 6 9 5 1 6 3 7 5 
6 4 9 6 5 7 6 6 8 
2 1
3 2
4 2
5 1
6 1
7 3
8 3
9 3

#673
4
3 1 1 4 
4 3 3 4 
2 1
3 2
4 2

#674
4
1 1 3 2 
3 2 3 2 
2 1
3 2
4 3

#675
5
3 2 5 1 1 
5 5 5 5 4 
2 1
3 1
4 3
5 4

#676
2
2 1 
1 2 
2 1

#677
7
2 3 2 5 6 7 2 
1 5 6 2 4 3 2 
2 1
3 2
4 1
5 4
6 5
7 6

#678
5
4 2 5 3 5 
1 4 3 5 1 
2 1
3 2
4 3
5 1

#679
7
3 3 2 5 7 3 4 
3 6 1 3 2 7 4 
2 1
3 2
4 3
5 2
6 3
7 4

#680
3
2 3 2 
1 1 3 
2 1
3 1

#681
4
1 2 3 4 
3 1 4 4 
2 1
3 2
4 3

#682
2
2 2 
1 2 
2 1

#683
3
1 1 1 
3 1 1 
2 1
3 1

#684
9
1 9 3 7 4 3 4 2 1 
1 9 5 8 8 5 1 5 4 
2 1
3 2
4 3
5 2
6 1
7 1
8 1
9 4

#685
9
9 1 2 4 4 2 2 2 8 
5 7 3 3 9 4 4 2 9 
2 1
3 2
4 3
5 3
6 4
7 4
8 4
9 3

#686
5
5 2 3 3 4 
3 1 3 5 2 
2 1
3 1
4 3
5 3

#687
9
2 9 7 8 8 4 5 6 5 
6 1 2 3 4 3 2 4 6 
2 1
3 1
4 1
5 2
6 2
7 1
8 7
9 3

#688
8
1 4 1 4 5 4 7 2 
5 4 4 2 6 7 3 5 
2 1
3 1
4 3
5 2
6 4
7 5
8 2

#689
3
2 1 3 
2 2 2 
2 1
3 2

#690
5
3 3 4 4 2 
5 1 5 3 1 
2 1
3 1
4 2
5 3

#691
9
1 6 8 8 8 8 2 8 4 
1 8 1 7 8 3 6 4 5 
2 1
3 1
4 3
5 1
6 2
7 4
8 5
9 8

#692
10
1 9 7 10 10 4 2 10 9 2 
9 7 5 2 4 7 3 4 4 5 
2 1
3 1
4 3
5 2
6 5
7 2
8 3
9 8
10 1

#693
7
3 5 3 2 7 2 6 
2 4 1 1 6 6 1 
2 1
3 1
4 2
5 2
6 2
7 4

#694
6
2 3 5 5 3 5 
3 2 5 2 6 3 
2 1
3 2
4 3
5 2
6 3

#695
8
2 6 8 1 7 6 2 7 
1 7 2 6 8 2 4 8 
2 1
3 2
4 2
5 4
6 1
7 2
8 6

#696
4
2 3 3 1 
3 2 2 2 
2 1
3 1
4 1

#697
3
1 1 1 
3 1 2 
2 1
3 2

#698
9
6 7 4 1 9 8 8 6 4 
4 2 2 8 2 4 3 4 3 
2 1
3 1
4 2
5 2
6 2
7 3
8 7
9 4

#699
10
6 6 6 9 1 6 4 2 8 3 
10 8 6 2 5 7 7 3 8 5 
2 1
3 2
4 3
5 2
6 2
7 2
8 6
9 7
10 1

#700
4
4 2 3 4 
2 1 4 1 
2 1
3 1
4 2

#701
7
5 4 4 3 6 5 7 
6 2 6 1 2 3 5 
2 1
3 1
4 1
5 4
6 3
7 4

#702
4
4 2 3 4 
4 1 1 2 
2 1
3 2
4 1

#703
10
1 8 9 6 4 1 7 3 5 3 
2 3 7 1 10 7 1 1 10 6 
2 1
3 2
4 1
5 2
6 4
7 3
8 1
9 5
10 2

#704
3
1 2 3 
2 1 3 
2 1
3 2

#705
9
1 8 3 5 3 8 1 3 8 
1 6 8 8 2 8 8 6 7 
2 1
3 1
4 2
5 3
6 2
7 3
8 2
9 3

#706
10
10 8 7 3 7 2 3 2 2 5 
5 10 8 3 7 1 1 1 2 7 
2 1
3 1
4 2
5 2
6 3
7 1
8 6
9 1
10 8

#707
5
3 1 2 1 5 
4 4 2 3 5 
2 1
3 1
4 1
5 1

#708
10
1 3 5 9 8 5 3 8 2 4 
3 4 2 3 9 5 2 6 2 7 
2 1
3 2
4 1
5 3
6 3
7 6
8 4
9 7
10 3

#709
10
6 8 3 10 5 10 10 3 8 6 
7 3 5 4 9 7 5 1 7 4 
2 1
3 1
4 2
5 1
6 5
7 3
8 1
9 7
10 3

#710
5
3 1 1 3 1 
1 4 1 5 2 
2 1
3 2
4 1
5 2

#711
10
2 4 3 7 4 10 2 4 5 10 
2 2 4 8 9 4 4 3 5 10 
2 1
3 1
4 3
5 4
6 4
7 5
8 7
9 4
10 2

#712
7
1 4 7 6 2 4 3 
6 7 4 2 5 6 3 
2 1
3 1
4 1
5 1
6 4
7 6

#713
5
2 3 3 2 3 
2 2 1 3 2 
2 1
3 2
4 1
5 1

#714
9
1 1 8 6 4 9 4 6 7 
9 7 4 2 3 4 4 7 6 
2 1
3 1
4 1
5 1
6 4
7 2
8 3
9 1

#715
9
6 3 9 3 3 9 5 9 9 
9 7 6 4 1 4 6 8 5 
2 1
3 2
4 2
5 2
6 4
7 1
8 7
9 6

#716
6
4 1 6 4 3 1 
4 5 1 4 3 6 
2 1
3 1
4 2
5 3
6 3

#717
3
3 2 2 
2 1 2 
2 1
3 2

#718
3
2 3 2 
2 1 3 
2 1
3 1

#719
4
4 4 3 3 
4 3 1 1 
2 1
3 1
4 3

#720
10
10 5 7 7 7 7 8 10 2 6 
7 6 5 2 5 8 1 10 8 2 
2 1
3 2
4 1
5 2
6 2
7 1
8 1
9 2
10 9

#721
4
4 1 1 1 
4 2 3 1 
2 1
3 2
4 1

#722
10
8 6 1 5 4 7 3 4 7 3 
10 2 7 8 5 7 1 10 10 6 
2 1
3 1
4 2
5 2
6 2
7 3
8 3
9 6
10 1

#723
10
3 3 5 9 5 1 7 8 2 10 
7 4 2 10 1 3 3 1 3 7 
2 1
3 1
4 1
5 2
6 1
7 4
8 7
9 1
10 5

#724
2
2 1 
1 2 
2 1

#725
5
3 3 2 1 1 
5 2 2 2 2 
2 1
3 1
4 1
5 4

#726
3
1 2 1 
2 1 3 
2 1
3 2

#727
2
2 2 
2 1 
2 1

#728
6
4 2 1 2 5 2 
3 5 6 4 6 5 
2 1
3 1
4 2
5 3
6 5

#729
5
1 2 1 1 3 
3 5 3 3 2 
2 1
3 2
4 3
5 3

#730
6
4 4 3 4 3 4 
3 3 4 2 3 3 
2 1
3 2
4 2
5 2
6 4

#731
10
4 7 7 9 5 1 3 5 8 6 
2 7 1 4 1 4 1 5 4 4 
2 1
3 1
4 3
5 1
6 5
7 1
8 2
9 2
10 5

#732
3
3 2 2 
2 2 1 
2 1
3 1

#733
4
4 4 1 4 
4 1 1 3 
2 1
3 2
4 3

#734
10
10 10 6 4 5 2 2 6 10 1 
7 7 5 10 3 10 7 2 10 5 
2 1
3 1
4 1
5 4
6 5
7 4
8 1
9 4
10 3

#735
5
3 4 5 4 5 
4 2 3 1 5 
2 1
3 2
4 3
5 4

#736
7
3 5 4 5 2 4 7 
4 7 1 2 7 5 2 
2 1
3 1
4 1
5 1
6 1
7 3

#737
7
2 6 7 5 7 1 4 
5 6 4 4 3 3 3 
2 1
3 1
4 3
5 3
6 1
7 4

#738
7
7 4 4 1 4 2 7 
4 5 6 2 5 5 3 
2 1
3 2
4 2
5 2
6 4
7 6

#739
6
5 3 3 6 4 6 
6 6 1 6 4 5 
2 1
3 1
4 3
5 3
6 4

#740
4
4 2 4 3 
1 4 1 4 
2 1
3 2
4 3

#741
8
1 1 4 1 4 6 8 3 
8 3 1 6 2 5 8 1 
2 1
3 1
4 3
5 4
6 1
7 5
8 3

#742
10
5 5 7 5 6 3 4 6 8 3 
5 2 1 3 4 10 2 2 8 5 
2 1
3 1
4 2
5 3
6 3
7 4
8 6
9 2
10 1

#743
6
6 6 1 2 6 3 
6 2 3 1 2 5 
2 1
3 1
4 2
5 1
6 2

#744
10
2 2 3 7 9 7 8 6 7 1 
9 6 2 1 1 7 5 2 9 1 
2 1
3 1
4 3
5 1
6 5
7 3
8 2
9 8
10 8

#745
8
2 1 2 4 7 1 8 2 
3 2 7 8 3 3 2 1 
2 1
3 2
4 3
5 2
6 1
7 1
8 4

#746
2
2 1 
2 1 
2 1

#747
7
3 1 5 2 1 7 6 
6 3 1 6 2 1 2 
2 1
3 1
4 3
5 1
6 2
7 4

#748
8
4 4 2 7 5 4 7 7 
3 8 5 5 7 8 3 4 
2 1
3 2
4 3
5 4
6 4
7 5
8 5

#749
4
2 4 1 2 
3 3 1 4 
2 1
3 1
4 1

#750
2
2 1 
1 2 
2 1

#751
2
2 1 
2 1 
2 1

#752
7
4 6 1 1 7 7 2 
4 5 7 6 5 4 4 
2 1
3 2
4 1
5 1
6 2
7 6

#753
2
2 1 
1 2 
2 1

#754
5
2 1 1 4 4 
1 5 2 1 2 
2 1
3 2
4 3
5 2

#755
6
6 3 5 1 6 1 
5 1 5 2 4 2 
2 1
3 2
4 3
5 2
6 2

#756
9
8 3 1 6 9 4 9 9 5 
1 5 8 1 6 3 5 1 1 
2 1
3 1
4 2
5 4
6 3
7 5
8 7
9 6

#757
9
2 8 6 2 7 9 4 5 7 
8 7 6 5 6 4 3 7 6 
2 1
3 2
4 1
5 2
6 3
7 4
8 2
9 5

#758
8
3 1 4 8 2 3 4 6 
4 1 8 7 7 8 3 7 
2 1
3 2
4 1
5 3
6 1
7 3
8 2

#759
6
6 3 5 3 2 4 
4 2 6 6 3 3 
2 1
3 2
4 1
5 1
6 3

#760
9
3 1 1 2 1 8 4 4 4 
8 6 6 3 3 3 1 9 4 
2 1
3 1
4 1
5 2
6 1
7 2
8 2
9 2

#761
8
5 1 1 2 8 7 3 7 
7 2 2 1 8 8 7 3 
2 1
3 2
4 1
5 2
6 2
7 1
8 2

#762
6
3 3 4 4 5 6 
2 5 1 5 1 6 
2 1
3 1
4 3
5 1
6 5

#763
7
4 3 6 3 6 4 6 
6 5 4 6 6 1 1 
2 1
3 1
4 1
5 3
6 4
7 5

#764
6
4 4 3 1 1 4 
5 4 3 3 1 4 
2 1
3 1
4 3
5 4
6 5

#765
5
1 5 3 3 1 
2 2 1 5 1 
2 1
3 1
4 2
5 1

#766
9
5 4 4 1 4 7 7 8 3 
6 7 1 2 6 6 1 6 1 
2 1
3 1
4 3
5 4
6 5
7 6
8 1
9 5

#767
3
1 1 2 
3 1 1 
2 1
3 2

#768
10
6 8 4 4 6 6 7 7 6 9 
10 6 8 5 10 8 7 10 9 8 
2 1
3 1
4 2
5 1
6 3
7 5
8 3
9 3
10 2

#769
10
2 1 9 2 1 5 3 2 3 1 
2 4 7 7 1 10 6 10 4 6 
2 1
3 1
4 3
5 2
6 3
7 6
8 4
9 4
10 9

#770
7
4 7 4 4 7 5 1 
4 4 6 7 4 6 1 
2 1
3 2
4 2
5 2
6 1
7 4

#771
6
2 5 5 3 6 4 
3 3 3 3 1 3 
2 1
3 1
4 1
5 4
6 3

#772
4
2 4 3 4 
1 3 1 3 
2 1
3 1
4 1

#773
5
4 3 5 4 3 
1 2 1 1 4 
2 1
3 2
4 1
5 3

#774
2
1 2 
2 1 
2 1

#775
2
1 2 
1 1 
2 1

#776
2
1 2 
2 1 
2 1

#777
10
8 5 10 10 3 6 7 10 2 9 
3 10 3 8 3 9 10 4 9 4 
2 1
3 2
4 3
5 2
6 4
7 1
8 7
9 2
10 4

#778
9
9 7 7 6 6 5 9 9 6 
3 2 2 9 5 4 8 1 8 
2 1
3 2
4 1
5 1
6 4
7 1
8 5
9 5

#779
4
2 1 3 4 
4 4 4 1 
2 1
3 1
4 3

#780
9
6 8 1 4 6 2 4 4 6 
9 6 9 8 2 9 3 8 3 
2 1
3 2
4 1
5 4
6 4
7 3
8 4
9 3

#781
7
4 3 1 6 5 2 7 
3 3 3 5 2 1 6 
2 1
3 1
4 2
5 1
6 4
7 1

#782
3
2 1 3 
2 1 1 
2 1
3 2

#783
3
3 1 1 
1 3 2 
2 1
3 2

#784
8
7 1 8 3 2 7 5 5 
1 4 5 6 2 1 4 2 
2 1
3 2
4 3
5 4
6 3
7 5
8 4

#785
9
8 7 8 4 6 4 3 8 1 
8 4 4 5 3 7 7 1 8 
2 1
3 1
4 3
5 1
6 1
7 1
8 7
9 4

#786
7
5 2 3 1 4 1 5 
4 4 7 6 3 4 2 
2 1
3 2
4 1
5 1
6 2
7 2

#787
5
1 4 3 5 1 
5 4 4 5 2 
2 1
3 2
4 3
5 2

#788
3
1 3 3 
2 3 2 
2 1
3 1

#789
9
6 1 9 9 6 3 4 1 5 
3 2 7 6 8 1 5 1 9 
2 1
3 1
4 1
5 3
6 4
7 4
8 1
9 6

#790
7
7 7 3 4 5 2 4 
2 7 2 6 3 7 6 
2 1
3 1
4 3
5 3
6 3
7 3

#791
5
1 5 4 5 3 
1 4 1 1 2 
2 1
3 2
4 1
5 1

#792
4
3 4 1 1 
4 1 1 3 
2 1
3 1
4 2

#793
7
4 1 4 1 1 7 5 
1 3 7 3 7 2 6 
2 1
3 1
4 1
5 3
6 1
7 1

#794
4
3 2 2 4 
2 2 4 1 
2 1
3 2
4 3

#795
2
2 1 
1 1 
2 1

#796
10
4 8 3 6 6 5 2 2 8 8 
9 2 10 10 10 5 2 10 5 8 
2 1
3 2
4 3
5 4
6 4
7 2
8 6
9 5
10 8

#797
7
3 1 5 4 2 4 6 
7 1 4 5 5 4 4 
2 1
3 2
4 1
5 3
6 5
7 6

#798
9
6 3 4 9 6 6 9 9 5 
8 6 9 9 9 5 3 9 8 
2 1
3 2
4 2
5 2
6 2
7 6
8 5
9 5

#799
9
6 7 9 1 9 3 4 2 7 
4 7 5 8 6 9 9 3 9 
2 1
3 1
4 2
5 1
6 1
7 2
8 1
9 4

#800
9
4 6 8 4 1 5 9 8 8 
8 8 3 8 1 9 3 6 6 
2 1
3 1
4 3
5 1
6 4
7 4
8 7
9 6

#801
4
3 2 2 1 
1 4 4 2 
2 1
3 1
4 2

#802
5
3 4 4 2 5 
5 2 2 3 4 
2 1
3 2
4 3
5 3

#803
8
8 4 7 5 1 4 8 2 
2 4 1 2 4 8 2 1 
2 1
3 2
4 3
5 1
6 2
7 5
8 2

#804
9
6 6 5 7 9 4 3 7 5 
5 8 5 1 8 7 8 8 4 
2 1
3 2
4 2
5 1
6 5
7 4
8 4
9 3

#805
8
8 7 4 4 8 3 1 2 
5 4 4 8 8 6 8 4 
2 1
3 1
4 1
5 2
6 4
7 3
8 3

#806
7
1 2 3 3 2 2 2 
3 4 1 4 6 5 4 
2 1
3 1
4 1
5 2
6 1
7 4

#807
10
9 4 9 10 9 9 4 9 6 9 
2 5 9 10 5 7 3 1 2 9 
2 1
3 1
4 1
5 3
6 1
7 3
8 5
9 7
10 4

#808
2
1 1 
2 1 
2 1

#809
3
2 1 1 
3 3 1 
2 1
3 2

#810
5
3 1 5 4 3 
5 2 5 4 4 
2 1
3 1
4 2
5 1

#811
2
1 2 
2 2 
2 1

#812
4
1 2 3 1 
4 3 4 2 
2 1
3 1
4 3

#813
6
5 1 4 5 6 1 
4 2 2 6 1 3 
2 1
3 2
4 2
5 1
6 3

#814
9
9 8 3 3 9 1 9 6 1 
9 2 5 9 8 1 9 1 5 
2 1
3 2
4 2
5 3
6 5
7 4
8 3
9 4

#815
10
7 2 8 8 1 4 1 4 9 2 
10 10 1 2 6 9 6 5 4 8 
2 1
3 1
4 3
5 2
6 4
7 5
8 3
9 1
10 8

#816
9
6 6 9 5 8 5 2 7 2 
9 9 6 5 5 3 3 5 5 
2 1
3 2
4 2
5 3
6 4
7 6
8 2
9 4

#817
5
4 2 4 1 5 
2 2 2 3 1 
2 1
3 2
4 1
5 1

#818
2
2 1 
2 2 
2 1

#819
10
9 2 10 3 9 1 7 5 2 8 
3 6 5 7 9 8 10 4 9 1 
2 1
3 2
4 1
5 3
6 4
7 1
8 3
9 7
10 6

#820
4
3 1 4 4 
2 4 3 1 
2 1
3 2
4 3

#821
8
5 7 3 4 2 5 1 7 
6 7 1 7 7 3 7 1 
2 1
3 2
4 3
5 2
6 1
7 4
8 7

#822
2
2 1 
1 2 
2 1

#823
5
5 5 1 3 5 
4 2 5 5 5 
2 1
3 2
4 3
5 4

#824
3
1 2 2 
2 1 3 
2 1
3 1

#825
4
1 4 2 4 
4 1 1 4 
2 1
3 1
4 2

#826
9
5 2 3 9 7 6 5 9 4 
6 6 4 3 5 8 9 2 1 
2 1
3 1
4 1
5 4
6 3
7 1
8 3
9 3

#827
8
3 3 1 4 8 7 1 7 
3 4 5 8 8 6 2 1 
2 1
3 1
4 3
5 4
6 4
7 1
8 1

#828
10
1 8 6 6 8 3 6 10 6 2 
6 10 2 6 7 1 7 8 5 3 
2 1
3 1
4 3
5 2
6 2
7 3
8 7
9 4
10 8

#829
4
1 4 4 3 
2 3 1 4 
2 1
3 2
4 3

#830
9
7 1 5 3 8 4 1 6 1 
9 2 1 3 5 3 2 8 8 
2 1
3 2
4 2
5 4
6 2
7 3
8 3
9 7

#831
9
2 7 4 5 9 9 4 4 6 
7 2 8 1 7 4 4 4 7 
2 1
3 1
4 3
5 1
6 2
7 3
8 6
9 1

#832
4
1 3 2 1 
1 4 1 3 
2 1
3 2
4 1

#833
9
8 6 6 7 4 7 7 4 9 
8 4 3 5 1 7 2 4 4 
2 1
3 1
4 1
5 1
6 5
7 5
8 6
9 5

#834
3
3 1 2 
1 1 3 
2 1
3 2

#835
3
2 2 3 
3 1 1 
2 1
3 1

#836
4
3 3 2 1 
3 2 1 3 
2 1
3 2
4 1

#837
6
3 1 2 6 4 6 
1 6 5 4 3 1 
2 1
3 1
4 1
5 2
6 3

#838
8
3 8 7 7 7 4 4 3 
3 2 6 3 4 1 3 1 
2 1
3 2
4 2
5 1
6 1
7 4
8 4

#839
2
1 1 
2 1 
2 1

#840
8
5 1 1 2 2 7 6 3 
8 5 3 5 6 4 8 3 
2 1
3 1
4 2
5 1
6 2
7 2
8 1

#841
9
6 1 9 8 7 3 2 9 3 
7 8 8 8 1 9 1 7 7 
2 1
3 2
4 1
5 3
6 3
7 4
8 4
9 8

#842
5
4 3 4 4 3 
4 3 4 4 3 
2 1
3 1
4 2
5 2

#843
9
9 1 6 7 6 9 8 3 8 
4 3 5 6 6 4 6 6 6 
2 1
3 1
4 1
5 1
6 4
7 5
8 7
9 4

#844
6
3 6 4 4 1 3 
4 5 6 6 4 6 
2 1
3 2
4 2
5 2
6 3

#845
9
5 4 9 5 5 2 7 9 6 
1 2 2 7 5 1 5 1 3 
2 1
3 2
4 1
5 2
6 5
7 4
8 6
9 2

#846
8
3 6 6 8 8 5 3 2 
2 8 8 7 6 2 7 7 
2 1
3 1
4 2
5 2
6 5
7 1
8 6

#847
5
1 5 4 1 3 
5 4 4 3 1 
2 1
3 2
4 1
5 1

#848
8
6 6 7 7 2 5 1 6 
3 5 4 4 4 7 5 7 
2 1
3 1
4 3
5 2
6 3
7 5
8 1

#849
10
6 3 9 8 7 7 7 1 3 7 
8 9 2 10 7 1 2 9 3 8 
2 1
3 1
4 1
5 4
6 1
7 1
8 5
9 5
10 1

#850
8
8 5 4 6 4 4 7 6 
7 6 4 1 1 6 5 7 
2 1
3 1
4 2
5 4
6 4
7 3
8 4

#851
5
4 4 5 4 3 
4 1 4 5 3 
2 1
3 1
4 1
5 2

#852
6
4 3 3 3 6 6 
4 4 5 3 3 3 
2 1
3 1
4 2
5 1
6 2

#853
6
3 6 5 3 6 3 
1 5 5 1 2 1 
2 1
3 1
4 1
5 1
6 1

#854
8
4 7 1 7 7 4 7 2 
4 8 2 6 4 1 5 4 
2 1
3 2
4 1
5 1
6 4
7 3
8 7

#855
3
3 3 2 
1 2 1 
2 1
3 2

#856
4
4 2 3 1 
3 1 1 2 
2 1
3 1
4 3

#857
4
3 1 4 3 
4 3 4 3 
2 1
3 1
4 3

#858
9
4 7 7 5 3 4 5 3 1 
9 3 3 3 6 4 6 8 2 
2 1
3 2
4 2
5 3
6 4
7 3
8 6
9 8

#859
6
4 3 6 2 1 3 
6 1 2 2 3 6 
2 1
3 1
4 2
5 2
6 3

#860
4
4 4 4 2 
2 2 4 2 
2 1
3 2
4 3

#861
2
1 2 
2 1 
2 1

#862
2
1 2 
2 1 
2 1

#863
8
4 4 7 8 7 5 7 8 
6 1 8 5 4 1 5 6 
2 1
3 2
4 1
5 3
6 3
7 2
8 4

#864
5
4 4 1 1 4 
4 4 1 2 5 
2 1
3 2
4 1
5 4

#865
2
1 1 
2 1 
2 1

#866
3
3 2 2 
1 3 1 
2 1
3 1

#867
4
2 3 2 4 
1 2 1 2 
2 1
3 1
4 1

#868
2
1 1 
1 2 
2 1

#869
8
4 8 1 6 6 4 2 1 
5 8 3 3 7 8 2 8 
2 1
3 1
4 3
5 3
6 4
7 6
8 6

#870
10
6 3 3 7 4 7 4 9 10 4 
6 6 10 1 10 6 6 6 2 4 
2 1
3 1
4 3
5 4
6 3
7 1
8 6
9 8
10 9

#871
6
1 2 1 5 1 2 
1 1 1 5 3 3 
2 1
3 1
4 2
5 1
6 4

#872
8
8 6 6 4 3 4 3 8 
7 3 8 7 6 4 4 6 
2 1
3 1
4 1
5 4
6 3
7 1
8 7

#873
9
1 4 8 9 6 7 1 5 7 
4 1 8 8 3 9 9 5 4 
2 1
3 1
4 3
5 3
6 4
7 5
8 6
9 8

#874
9
7 5 3 5 8 9 3 6 1 
2 2 5 4 3 4 5 3 7 
2 1
3 2
4 2
5 1
6 5
7 3
8 5
9 6

#875
4
1 2 2 2 
2 2 3 1 
2 1
3 1
4 2

#876
6
3 1 2 4 6 4 
2 6 1 5 2 2 
2 1
3 2
4 1
5 3
6 5

#877
8
7 5 6 7 2 6 4 5 
3 5 4 3 1 2 8 3 
2 1
3 1
4 3
5 3
6 1
7 5
8 6

#878
3
2 1 3 
3 3 1 
2 1
3 2

#879
3
1 1 1 
3 3 3 
2 1
3 1

#880
2
2 2 
1 2 
2 1

#881
5
2 3 1 5 5 
3 1 2 5 3 
2 1
3 1
4 3
5 4

#882
2
2 1 
1 2 
2 1

#883
6
3 2 1 3 4 3 
6 2 4 3 6 5 
2 1
3 2
4 1
5 3
6 1

#884
8
6 3 7 2 4 4 8 8 
1 6 8 2 1 1 3 3 
2 1
3 1
4 3
5 1
6 4
7 1
8 3

#885
3
3 3 2 
1 1 3 
2 1
3 2

#886
2
2 2 
2 1 
2 1

#887
2
2 1 
2 2 
2 1

#888
4
1 1 2 1 
1 2 3 1 
2 1
3 1
4 3

#889
7
2 3 6 2 6 2 5 
5 2 2 7 4 1 1 
2 1
3 2
4 3
5 1
6 3
7 2

#890
6
6 1 6 5 3 6 
3 5 4 6 1 4 
2 1
3 1
4 3
5 1
6 1

#891
4
4 3 4 2 
2 4 2 2 
2 1
3 1
4 1

#892
9
8 9 7 4 3 9 3 6 2 
6 2 4 7 5 1 8 3 8 
2 1
3 1
4 2
5 1
6 5
7 2
8 7
9 3

#893
2
1 2 
2 1 
2 1

#894
7
3 7 3 2 2 2 4 
1 1 4 5 6 6 5 
2 1
3 1
4 3
5 1
6 2
7 6

#895
3
2 2 1 
2 2 1 
2 1
3 1

#896
2
1 1 
2 1 
2 1

#897
8
4 8 6 1 1 8 4 4 
8 6 6 4 7 2 2 6 
2 1
3 1
4 1
5 1
6 3
7 5
8 3

#898
5
3 3 5 1 5 
1 1 4 4 4 
2 1
3 1
4 1
5 2

#899
5
1 5 3 3 5 
2 3 3 4 1 
2 1
3 1
4 3
5 1

#900
2
2 2 
2 2 
2 1

#901
2
1 2 
2 1 
2 1

#902
7
2 3 7 3 5 4 5 
7 3 3 3 5 6 4 
2 1
3 1
4 1
5 4
6 1
7 2

#903
6
2 6 5 4 4 3 
6 2 2 3 5 6 
2 1
3 2
4 1
5 2
6 5

#904
8
7 5 5 5 8 2 4 7 
7 5 5 6 5 3 2 1 
2 1
3 1
4 2
5 1
6 2
7 1
8 2

#905
8
3 6 2 8 4 1 6 3 
6 1 6 3 7 2 7 2 
2 1
3 2
4 1
5 1
6 4
7 4
8 1

#906
2
2 1 
1 2 
2 1

#907
7
5 1 7 5 4 2 5 
7 2 5 1 4 1 3 
2 1
3 1
4 3
5 3
6 3
7 5

#908
7
4 7 1 5 4 2 7 
5 6 3 1 1 5 6 
2 1
3 1
4 2
5 2
6 5
7 2

#909
4
3 2 4 4 
2 4 1 3 
2 1
3 2
4 3

#910
3
2 3 1 
2 1 3 
2 1
3 1

#911
8
3 3 6 3 2 4 3 3 
7 1 2 2 8 7 7 5 
2 1
3 1
4 1
5 4
6 3
7 3
8 2

#912
4
4 3 4 2 
4 4 2 3 
2 1
3 2
4 3

#913
7
7 3 6 7 4 6 5 
7 3 6 6 5 6 3 
2 1
3 1
4 3
5 4
6 3
7 1

#914
2
1 2 
2 2 
2 1

#915
8
7 1 3 4 4 6 1 1 
4 1 3 2 5 5 1 7 
2 1
3 2
4 3
5 1
6 3
7 3
8 7

#916
3
3 1 1 
1 1 2 
2 1
3 2

#917
8
8 2 3 7 2 2 1 3 
2 5 5 4 4 7 7 5 
2 1
3 1
4 2
5 4
6 3
7 2
8 7

#918
10
2 6 6 7 3 10 6 6 10 9 
7 10 10 10 9 5 9 3 4 4 
2 1
3 1
4 3
5 2
6 1
7 3
8 5
9 2
10 5

#919
8
4 6 3 6 4 8 6 8 
1 6 8 4 1 5 6 7 
2 1
3 2
4 1
5 2
6 2
7 4
8 3

#920
2
2 2 
2 2 
2 1

#921
2
1 2 
1 2 
2 1

#922
2
1 1 
1 2 
2 1

#923
4
4 3 1 3 
2 4 1 4 
2 1
3 1
4 3

#924
3
1 3 3 
3 2 1 
2 1
3 2

#925
10
7 6 4 8 3 6 9 1 8 7 
1 5 4 9 9 3 1 1 10 8 
2 1
3 2
4 1
5 3
6 5
7 4
8 3
9 6
10 8

#926
7
1 3 4 6 7 4 7 
2 4 4 7 5 6 2 
2 1
3 2
4 1
5 2
6 5
7 6

#927
4
4 2 3 2 
3 4 1 1 
2 1
3 2
4 2

#928
4
4 1 3 4 
3 1 4 4 
2 1
3 1
4 3

#929
4
3 1 4 3 
2 3 4 3 
2 1
3 1
4 2

#930
4
3 2 1 3 
2 2 3 1 
2 1
3 2
4 3

#931
6
5 5 6 5 5 5 
1 4 2 3 3 5 
2 1
3 2
4 3
5 2
6 2

#932
7
5 3 4 7 5 7 1 
2 7 2 4 5 5 2 
2 1
3 1
4 2
5 3
6 2
7 3

#933
6
3 2 6 6 4 3 
1 4 2 1 2 5 
2 1
3 2
4 3
5 1
6 5

#934
2
2 2 
1 2 
2 1

#935
4
2 2 1 2 
3 3 4 2 
2 1
3 2
4 1

#936
8
3 1 7 8 2 8 4 8 
8 5 5 2 8 1 6 1 
2 1
3 2
4 2
5 3
6 2
7 3
8 5

#937
2
1 1 
1 2 
2 1

#938
5
2 2 4 5 4 
5 4 5 1 3 
2 1
3 2
4 2
5 1

#939
5
2 5 5 2 4 
2 4 3 2 5 
2 1
3 2
4 3
5 3

#940
8
5 6 3 1 1 4 5 1 
8 2 7 3 8 1 1 6 
2 1
3 1
4 3
5 3
6 1
7 2
8 4

#941
10
6 5 3 10 10 9 10 1 6 5 
7 2 7 2 7 1 2 2 8 5 
2 1
3 1
4 2
5 4
6 4
7 1
8 5
9 4
10 6

#942
4
2 4 4 2 
2 2 2 3 
2 1
3 2
4 2

#943
9
8 1 7 7 8 5 7 5 5 
4 1 3 9 3 7 3 9 6 
2 1
3 2
4 2
5 3
6 2
7 1
8 3
9 1

#944
10
2 3 6 8 10 8 10 2 7 4 
5 10 6 8 9 8 1 5 10 9 
2 1
3 1
4 1
5 2
6 4
7 5
8 4
9 8
10 6

#945
8
5 4 1 2 2 1 4 3 
5 7 3 3 1 4 2 3 
2 1
3 1
4 2
5 4
6 3
7 1
8 3

#946
7
7 2 7 4 7 4 7 
1 5 3 4 1 7 7 
2 1
3 2
4 3
5 4
6 2
7 5

#947
3
1 2 1 
1 2 1 
2 1
3 1

#948
4
3 4 1 2 
2 4 3 3 
2 1
3 2
4 1

#949
6
2 2 1 6 5 1 
4 2 6 1 1 1 
2 1
3 1
4 3
5 2
6 2

#950
6
1 2 5 5 6 2 
2 1 5 1 6 2 
2 1
3 1
4 1
5 1
6 4

#951
2
2 2 
2 2 
2 1

#952
2
2 2 
1 2 
2 1

#953
5
3 5 3 2 4 
4 3 2 1 3 
2 1
3 1
4 2
5 1

#954
8
8 4 2 3 6 7 3 6 
7 6 3 5 8 6 7 7 
2 1
3 2
4 3
5 3
6 5
7 1
8 5

#955
6
5 4 1 1 1 5 
5 5 2 1 4 6 
2 1
3 1
4 2
5 1
6 4

#956
8
5 2 3 5 7 2 6 2 
7 8 5 4 7 3 2 2 
2 1
3 2
4 2
5 2
6 3
7 6
8 7

#957
2
1 1 
1 2 
2 1

#958
10
8 2 3 10 10 4 4 8 4 7 
7 9 5 5 8 5 1 7 3 3 
2 1
3 1
4 1
5 1
6 3
7 5
8 2
9 4
10 1

#959
5
2 5 3 1 3 
3 2 4 1 1 
2 1
3 2
4 1
5 3

#960
5
2 5 1 4 3 
1 3 1 5 5 
2 1
3 2
4 2
5 3

#961
5
3 5 2 3 5 
2 5 3 1 4 
2 1
3 1
4 1
5 3

#962
2
1 2 
2 2 
2 1

#963
4
3 1 2 1 
1 3 3 2 
2 1
3 1
4 3

#964
4
2 4 3 4 
3 1 3 3 
2 1
3 2
4 1

#965
6
4 1 6 6 4 1 
5 6 4 6 4 1 
2 1
3 2
4 1
5 3
6 4

#966
10
4 10 1 9 2 7 7 9 4 4 
8 2 8 4 5 2 8 1 10 8 
2 1
3 2
4 1
5 3
6 2
7 4
8 6
9 7
10 3

#967
3
1 2 2 
1 2 2 
2 1
3 1

#968
4
2 2 2 3 
4 2 4 2 
2 1
3 1
4 3

#969
8
5 8 6 4 3 8 1 5 
1 1 5 2 6 6 2 4 
2 1
3 1
4 3
5 1
6 2
7 3
8 5

#970
7
5 4 1 7 7 1 4 
4 1 5 7 1 3 7 
2 1
3 2
4 2
5 3
6 1
7 1

#971
3
1 2 2 
1 1 3 
2 1
3 2

#972
6
1 1 3 5 5 5 
5 2 6 5 1 3 
2 1
3 2
4 3
5 4
6 5

#973
7
2 6 3 4 6 4 3 
4 1 6 1 2 7 5 
2 1
3 1
4 2
5 3
6 5
7 5

#974
3
1 1 1 
1 2 3 
2 1
3 1

#975
6
6 1 4 2 1 5 
3 2 1 2 5 1 
2 1
3 1
4 2
5 2
6 5

#976
9
5 1 2 8 8 5 7 8 6 
8 6 2 6 4 4 2 9 7 
2 1
3 2
4 1
5 2
6 1
7 3
8 6
9 7

#977
2
1 2 
1 2 
2 1

#978
5
1 4 1 2 3 
3 1 2 3 2 
2 1
3 2
4 3
5 2

#979
10
7 2 7 9 1 3 9 10 7 4 
1 1 5 9 1 4 9 10 9 2 
2 1
3 2
4 2
5 1
6 5
7 2
8 1
9 6
10 5

#980
2
2 1 
1 1 
2 1

#981
10
7 6 8 2 6 8 10 2 4 9 
7 3 8 10 2 6 5 4 7 4 
2 1
3 2
4 3
5 1
6 1
7 5
8 5
9 4
10 9

#982
8
1 3 3 8 7 4 1 2 
3 5 2 3 5 1 3 8 
2 1
3 1
4 2
5 2
6 5
7 5
8 7

#983
6
6 1 2 4 1 6 
6 6 2 1 3 6 
2 1
3 2
4 3
5 4
6 4

#984
7
1 3 6 4 2 1 5 
2 7 1 1 5 1 1 
2 1
3 1
4 3
5 3
6 5
7 1

#985
3
3 2 3 
3 3 1 
2 1
3 1

#986
7
7 6 3 3 3 4 2 
7 6 7 2 1 7 5 
2 1
3 1
4 3
5 2
6 2
7 2

#987
4
1 4 4 4 
3 3 2 3 
2 1
3 1
4 1

#988
7
5 2 3 3 3 7 2 
2 6 3 4 5 4 2 
2 1
3 2
4 2
5 4
6 5
7 5

#989
4
1 3 1 2 
4 3 3 2 
2 1
3 1
4 1

#990
10
8 10 9 1 2 7 1 6 4 9 
1 5 2 9 8 5 6 4 3 10 
2 1
3 2
4 3
5 4
6 4
7 1
8 2
9 2
10 4

#991
2
1 2 
1 1 
2 1

#992
2
2 1 
2 1 
2 1

#993
9
2 9 8 8 1 7 9 9 8 
9 3 6 8 9 5 7 1 5 
2 1
3 1
4 2
5 4
6 3
7 2
8 3
9 5

#994
7
6 5 1 6 3 7 2 
5 1 1 3 1 3 1 
2 1
3 2
4 3
5 2
6 4
7 3

#995
3
3 2 1 
3 2 2 
2 1
3 2

#996
8
4 7 5 8 4 7 5 1 
8 2 5 6 8 5 8 8 
2 1
3 1
4 1
5 2
6 1
7 3
8 1

#997
6
2 4 4 6 5 5 
3 3 4 4 4 3 
2 1
3 2
4 1
5 3
6 2

#998
2
2 2 
2 1 
2 1

#999
8
6 4 7 3 1 8 7 8 
3 2 4 1 5 3 1 8 
2 1
3 1
4 3
5 4
6 5
7 3
8 4

#1000
10
9 1 1 5 2 1 6 3 1 4 
2 1 4 7 9 7 4 4 9 9 
2 1
3 2
4 3
5 4
6 5
7 4
8 7
9 8
10 6
