400 2000
46 118 250 378 384 399 493 493 714 848 867 878 878 998 998 1018 1078 1105 1129 1145 1146 1272 1317 1332 1369 1705 1710 1728 1930 2048 2074 2095 2110 2233 2240 2321 2474 2648 2876 2953 2967 3115 3148 3364 3493 3522 3533 3549 3551 3572 3606 3627 3711 3886 4022 4062 4070 4076 4230 4231 4241 4283 4552 4559 4566 4585 4740 4967 5026 5096 5220 5291 5347 5372 5382 5628 5647 5658 5717 5855 5874 5891 5901 6046 6216 6483 6504 6509 6538 6713 6830 7039 7113 7130 7145 7165 7509 7593 7635 7804 8093 8235 8241 8261 8279 8382 8412 8519 8519 8557 8682 8845 8887 8899 8941 9085 9128 9211 9360 9523 9897 10076 10163 10229 10235 10250 10252 10500 10533 10653 10723 10737 10788 10836 10850 10894 10972 11104 11133 11146 11190 11342 11594 11630 11714 11921 11924 12029 12090 12132 12418 12469 12513 12607 12657 12692 12963 13062 13157 13284 13428 13454 13489 13495 13561 13587 13755 13860 13959 14005 14076 14102 14337 14338 14355 14357 14363 14388 14404 14406 14512 14655 14742 15029 15040 15161 15293 15303 15386 15434 15540 15581 15779 15876 15878 15955 16206 16267 16301 16321 16363 16407 16434 16555 16571 16597 16629 16635 16752 16817 17018 17047 17293 17304 17305 17346 17418 17426 17496 17586 17799 17804 17822 17824 17913 18042 18129 18155 18236 18298 18354 18390 18511 18516 18603 18650 18667 19106 19147 19226 19235 19442 19554 19760 19907 19955 19970 19983 20125 20136 20233 20240 20388 20679 20697 20944 20969 21033 21067 21275 21305 21333 21344 21352 21436 21449 21482 21686 21695 21822 21947 22001 22005 22026 22261 22285 22287 22443 22451 22497 22502 22517 22706 22785 22950 22991 23029 23185 23271 23328 23499 23501 23628 23639 23687 23763 23805 23833 23933 23950 24035 24071 24170 24266 24298 24330 24465 24465 24578 24641 24763 24795 24972 24989 25211 25288 25434 25538 25586 25608 25973 26158 26175 26324 26329 26376 26447 26479 26668 26736 26777 26795 26839 26847 26950 27003 27010 27024 27111 27135 27144 27144 27279 27500 27770 27829 27873 28101 28143 28148 28226 28250 28331 28381 28392 28698 28751 29110 29169 29293 29463 29481 29529 29568 29644 29711 29779 29849 29947 29975 30081 30192 30260 30389 30443 30446 30450 30807 30976 31070 31126 31143 31224 31227 31247 31350 31753 31787 31793 31816 31940 31974 32018 32032 32323 32338 32416 32445 32667 32690 
20221 56
27022 153
6224 169
6799 73
7173 105
18680 151
2091 115
12663 361
3589 385
6016 376
21947 369
30364 270
23118 36
24068 328
16849 98
10862 32
1495 249
4647 328
40 89
14178 5
12216 273
13520 155
18905 107
22640 267
27567 144
169 274
32740 133
20374 173
11422 73
10401 21
23982 18
11347 304
16139 254
9834 320
15230 308
8748 357
21406 313
6396 202
24831 355
28459 235
6567 26
13072 330
26561 10
21083 176
27030 202
14758 259
11704 132
4685 119
32640 84
4736 243
22459 213
5014 293
17825 57
25252 213
25607 324
32591 238
11989 27
15582 269
19641 398
31124 144
8477 297
24636 58
14935 171
26629 209
28704 174
1680 64
17992 357
18504 320
26536 332
17138 303
19799 12
5764 273
26145 392
28731 298
21044 341
17384 363
1821 249
12171 1
28659 230
15650 350
24018 351
30403 113
23691 168
233 222
16282 384
12044 35
31577 14
18036 184
7795 242
25422 13
32666 111
13312 111
29565 260
32442 177
7924 256
9549 169
14718 61
6977 343
21486 12
545 86
30561 281
24602 196
12403 28
9413 353
23219 152
28736 293
16468 399
20611 120
25125 37
26865 353
31683 159
14382 287
6156 149
28721 268
18904 336
5274 198
23780 399
21317 336
4879 175
19231 209
16841 147
13624 91
25544 201
9242 340
29436 224
19802 148
7878 328
4460 204
12901 277
13755 399
16305 344
1273 175
25099 392
18868 82
11668 82
22315 65
7837 214
5215 272
7519 309
15725 171
27116 341
20250 115
1126 258
20656 10
25967 128
28681 7
6880 296
9193 173
7358 162
18577 285
28266 86
27280 22
24599 19
13277 60
1153 47
12067 121
11997 219
21852 372
3339 268
6561 278
12819 266
26432 102
9423 73
17936 308
18149 94
6401 330
10233 315
10999 204
6432 50
32217 363
5271 310
4068 91
19893 221
2886 315
32030 295
5096 283
15674 190
10123 115
2789 90
17430 381
15976 307
18478 311
4264 346
16904 243
158 304
8315 105
11527 62
31322 119
30301 392
24576 219
32005 243
27436 125
20426 104
272 296
24202 269
31396 264
1327 194
10048 112
17121 6
23914 19
29051 280
3565 237
4411 125
3371 90
31933 109
1715 152
6442 380
20246 383
22189 8
2039 63
5414 98
19042 257
16675 205
19295 386
15628 4
11974 64
27293 303
31828 355
26777 139
27391 27
22717 259
30343 89
16883 136
29518 225
25289 36
5225 51
2081 342
6135 105
15402 237
3505 86
24975 383
27587 131
3822 375
26075 308
16011 281
14975 373
9798 322
27299 141
19402 280
3963 159
10504 287
17038 122
29924 188
19468 150
25645 377
2913 136
30419 175
19978 107
9556 349
2215 22
632 4
9810 394
9534 82
25136 153
28438 285
24389 370
592 23
29325 96
31957 43
21320 297
19221 338
9621 49
10048 153
4930 189
6329 154
26339 132
1992 387
23841 233
14735 263
8277 109
18495 48
8790 320
27531 72
18574 105
9565 112
7764 298
9928 195
374 334
319 137
32020 365
30724 258
18101 36
1506 239
4500 340
27423 178
11323 11
22445 114
7251 351
1440 197
11451 302
22501 100
8663 101
20784 331
2091 260
30518 28
20776 14
30237 292
12869 238
6192 110
31314 275
26072 250
20745 342
455 23
5351 198
5495 67
19258 343
25043 253
22138 19
18484 6
26332 206
24462 375
22821 256
27116 136
30652 296
15897 54
20996 188
31136 6
7656 233
3831 250
22456 75
1016 60
5171 23
29840 379
14565 385
11707 104
3763 2
29872 204
25268 342
20056 92
10562 183
23301 147
22353 21
6753 200
26112 153
11173 31
13422 389
24075 346
15311 361
9605 364
18879 179
18351 156
13525 11
21762 167
16252 289
16971 313
7422 129
13916 30
19682 257
24578 286
16504 133
26679 286
32434 22
21656 317
14901 220
28185 3
3504 8
32759 346
21101 334
750 305
17702 307
2221 228
27929 94
31623 337
31070 136
1643 316
2169 171
14614 66
3628 341
15495 184
19343 202
11187 312
3426 211
25723 191
9377 291
25819 398
19801 56
2148 321
30651 350
14828 121
10094 298
28036 361
23850 54
30378 391
16003 98
3776 68
28674 132
8125 328
21882 352
10019 318
11417 254
17713 13
13758 246
19545 118
24330 329
25844 3
9658 255
6453 115
8628 396
23899 126
28511 245
26667 168
27576 368
28574 251
30371 239
7639 171
12158 101
21079 60
24572 293
884 147
2353 287
21511 280
18153 116
12646 264
32062 225
3474 332
1130 94
2481 133
18137 31
9406 361
1411 336
17023 192
13944 190
7863 382
12732 264
158 37
8278 101
17038 185
24996 240
511 202
23281 25
2997 204
25929 353
22584 89
19852 326
11397 389
6850 210
13059 329
3758 271
8376 325
5286 363
15037 240
4770 239
20463 232
20626 148
31464 142
27125 301
16430 276
32167 318
23721 301
4090 246
22619 86
21257 81
12619 260
18761 171
12994 177
30305 126
19642 201
4668 108
32660 93
29276 242
12297 206
7537 89
30563 299
15658 55
17389 21
25163 178
23976 24
20224 74
9023 36
15216 85
4925 186
18582 28
30078 187
5452 336
14563 271
10665 201
22858 311
11405 396
25022 220
6010 334
24298 302
23718 362
21972 112
13134 395
4808 67
32332 226
25745 52
236 52
6128 372
22012 24
18246 368
23842 124
21140 104
4723 300
5029 291
1088 2
8842 38
23347 368
15943 395
10395 354
11724 328
28421 258
11559 126
6412 256
15095 34
21106 74
23076 123
30575 136
7117 346
3656 166
1410 102
32548 276
10164 211
32284 19
30825 194
23441 197
17972 129
11970 152
22373 263
3741 92
2429 366
19670 147
1253 330
26423 209
22751 156
9015 259
5052 5
1997 388
11088 216
10630 306
18851 397
31958 310
20969 176
8875 360
12724 226
25416 65
21097 286
19281 99
16112 256
7970 335
20912 336
6245 12
32443 319
8676 108
3653 160
1435 63
23387 255
16658 10
27346 280
29674 208
28285 373
7349 239
2211 171
6155 378
25519 221
5594 72
29226 48
30973 365
27367 122
21776 145
21885 170
32387 151
15098 355
24814 238
20182 387
4004 18
9254 282
17547 363
17170 71
16683 309
12937 107
17924 374
18996 369
5157 106
24744 122
11514 252
10719 339
17510 249
23017 162
6417 11
24543 121
9988 192
19737 238
26739 257
15520 292
6361 98
20198 50
11851 151
3509 388
32005 160
19558 240
14666 382
22611 33
19307 116
3471 307
10789 28
9172 45
12079 6
18364 262
6676 169
21556 183
13631 31
16430 146
20820 230
5271 134
2759 274
32393 309
3495 272
20929 76
19386 162
3923 240
22735 265
17564 113
24912 133
22137 111
28439 79
3254 89
28802 11
29130 57
13770 309
23233 2
22672 215
11129 353
16825 146
11025 224
16764 130
31903 7
28089 89
4129 186
14989 237
8119 362
291 278
3343 378
26829 81
13088 210
26195 169
27 7
17803 345
27550 18
28969 188
7467 136
27865 16
22234 129
13707 34
30794 146
31758 59
11741 72
28129 329
8229 7
70 188
14233 367
29079 181
18573 298
29917 187
15201 172
15263 318
1272 300
20984 7
875 237
236 370
4863 182
11004 108
28501 148
22264 395
13537 245
23829 72
5789 367
27200 397
7167 305
19889 146
31528 160
17602 78
25438 77
14594 83
19388 267
9349 183
6696 278
4223 399
13958 262
25105 26
24107 93
26979 240
19349 15
26355 144
1625 277
31533 247
28508 264
13371 347
23878 166
11806 16
23860 178
30974 304
27566 152
14782 221
14808 219
14548 341
21228 118
21336 304
13799 54
602 148
14211 373
27769 250
16486 273
13745 365
15257 259
373 118
18747 6
23294 90
2423 400
30690 150
5043 361
2280 20
28170 164
3355 354
6397 102
23325 7
869 371
21694 223
31404 54
30925 252
27453 68
18223 145
1337 154
11053 242
6508 155
24594 147
17023 368
1014 110
11887 213
19669 332
7230 142
5092 145
25064 128
11044 141
3736 354
12599 95
32028 14
22387 394
27286 72
20021 391
25973 171
19319 371
10404 395
24485 247
14081 95
3245 315
19217 294
21334 376
28402 268
10962 229
20625 224
5782 342
9757 24
20073 149
14011 263
11451 191
23419 252
22329 27
3210 162
21918 207
20138 348
2764 342
5344 67
17435 21
27244 347
21233 391
30974 341
25747 321
16167 332
3130 323
2830 219
13162 62
3428 166
25727 346
6298 43
9097 242
24657 103
18777 21
19730 84
5340 371
14399 401
26280 265
9289 198
23253 237
17700 394
13582 357
27896 257
21223 330
12570 389
6257 119
23354 86
2829 168
31454 226
3709 177
11023 298
30785 272
24657 30
27936 26
21209 344
15621 90
22779 143
12556 291
17890 83
32733 369
8323 274
23609 333
18131 362
20946 110
20792 62
25696 174
19006 343
9457 141
3724 172
12672 43
26902 315
21194 359
16276 165
11357 182
25394 116
13042 378
22921 398
23804 164
12750 47
16769 271
14921 293
6441 309
10761 158
21909 73
4823 354
17137 190
12136 302
26573 340
25047 35
5928 340
30290 392
26830 289
32275 269
3045 244
22161 230
10178 17
12536 190
16129 44
11735 50
18644 238
24857 13
29851 193
21047 342
19381 40
19628 213
9622 66
5288 282
8730 171
21512 165
7705 307
21382 187
22076 338
21549 251
11279 7
7441 345
16727 317
4412 207
23973 197
25067 326
21035 117
12539 315
20431 342
14238 210
25470 56
17746 211
3267 395
11028 360
8856 356
26320 362
31356 45
8989 361
1477 238
24359 300
22840 200
21228 218
21207 391
25516 40
20986 339
15514 48
13729 58
24536 97
5385 1
17314 242
26237 359
20426 319
2159 257
20324 67
24775 240
10946 363
1659 104
32163 239
10592 360
23975 196
11328 223
25862 263
9516 253
21890 391
14355 12
26522 261
32660 316
6657 166
30737 248
5454 197
8453 350
30709 377
18583 292
7798 169
13679 116
15316 295
8904 126
22089 141
17094 277
31800 81
15114 306
17763 352
20357 271
29790 314
12169 101
19524 21
6438 162
28328 226
18099 137
21966 153
23211 344
16155 385
15803 372
6603 76
8984 138
19938 352
10006 326
28517 358
15351 177
12745 105
22784 266
12204 200
8147 263
23235 334
27640 67
10260 189
189 265
19557 192
18752 159
7412 371
24266 146
26728 350
18782 334
23560 26
11922 238
18731 280
25246 125
24303 218
4019 233
11310 285
26510 127
32174 121
4940 264
27800 267
21888 199
12588 30
4739 292
3506 327
13067 47
26036 332
5375 104
21866 283
32394 171
23926 265
18287 301
30418 201
11420 155
8966 160
513 231
19614 265
13986 364
3035 375
24299 130
9129 47
14660 171
19153 34
24806 22
5488 381
8941 57
4776 153
10670 146
29333 227
29258 128
18562 310
16516 310
15709 377
1231 206
18025 223
26795 150
13363 321
30002 120
11719 322
2030 203
27683 60
2542 377
18924 58
7449 154
31584 183
13250 328
652 194
18044 264
13247 359
7215 383
24126 135
22635 64
27961 35
17405 245
5374 171
960 190
24685 203
12726 25
12972 123
3159 49
4380 315
12329 256
18827 201
3985 104
18603 388
7401 319
13506 119
23250 4
8356 276
18124 230
27359 10
20996 351
7477 168
23660 153
24655 278
26129 318
22447 198
27306 353
31207 399
7020 154
14600 90
27430 317
3934 91
8329 183
17498 260
25287 126
32208 3
29793 275
29027 193
4153 43
19005 251
7407 151
5891 178
10858 51
21511 76
28085 10
26048 145
12045 297
6008 159
24120 91
29253 313
16664 348
58 222
28799 27
20446 80
5957 315
19421 362
10136 195
15102 46
31380 291
31829 29
3603 153
21434 393
21703 34
23162 340
19590 209
26700 267
20196 129
2182 357
20487 155
20368 340
32695 10
9369 320
181 314
21386 364
10830 259
31544 389
2095 337
11230 125
3195 296
18890 383
10267 301
2134 147
15702 158
4378 65
8353 195
11104 302
7096 133
30680 147
9965 396
5262 48
19648 81
15640 337
27569 339
15124 312
19026 324
15058 117
12704 205
22605 1
403 340
30816 168
29684 280
16950 3
367 169
19715 340
7401 117
22001 389
14612 305
4702 221
19520 72
29252 58
18036 71
26360 312
11709 70
536 11
21702 318
190 252
24489 276
5882 305
2821 308
3968 160
26961 210
5021 5
2671 10
12144 63
16772 274
26198 149
32008 255
27558 208
25881 293
21407 325
13333 157
20638 150
32103 301
20628 258
22177 18
3768 321
5836 224
28025 114
8187 246
11447 24
26407 327
20530 133
11830 181
19011 216
9309 91
16074 23
24744 113
29287 64
27351 320
14829 309
18028 223
32275 297
13314 361
10093 63
7392 21
1691 345
23758 38
3265 267
24104 326
26679 365
15408 134
22913 96
24488 294
21633 270
18849 380
16875 65
142 88
29946 44
21404 327
10593 257
26694 370
7557 311
17955 378
7401 254
21763 268
3817 305
315 313
23980 127
31293 200
18772 153
16236 31
31607 187
28462 294
28371 339
3138 23
32573 84
11604 399
13787 264
19150 395
9619 281
7922 181
27587 281
19494 138
10547 235
15758 37
1864 322
30176 395
7546 385
16500 277
19207 149
30875 289
22761 277
23346 272
30726 105
5751 130
28584 324
3099 202
4140 45
31128 401
15870 328
31428 264
10437 203
6822 263
730 158
26249 189
19711 67
14160 208
2638 327
9481 171
28783 217
22725 335
26638 324
12454 147
29068 284
27193 82
16885 113
18182 271
11315 389
24422 167
10881 4
6037 314
7202 190
27400 203
2898 91
513 241
3965 29
17760 178
8111 73
25788 25
26956 162
690 303
32513 57
31613 275
29690 236
31175 147
14165 267
19903 211
17367 350
14956 319
30686 366
11585 22
10647 199
5105 395
19313 12
17541 153
13522 68
11179 258
25352 78
13649 224
18050 266
9074 90
28736 285
18224 324
13192 232
20516 334
4059 248
9714 46
30503 197
32 26
17470 378
12328 296
30087 9
20939 25
32755 231
21929 319
20019 335
6671 307
16425 274
1552 143
16028 283
23255 164
14127 347
12091 297
5268 321
18836 367
1789 222
19405 13
12499 187
26043 44
2987 76
429 267
6518 207
8005 385
13815 187
20614 210
7291 115
3373 373
30148 377
20549 89
582 30
13302 42
13462 282
32670 83
20511 197
23587 377
24599 397
8839 253
6833 353
30908 276
1172 111
12474 401
26765 105
7632 234
30592 246
21559 78
9381 351
1773 101
4592 227
30656 397
8401 109
11689 248
31518 53
25948 28
10318 122
28701 242
743 386
29909 98
8761 78
18277 69
3149 224
19002 139
17433 269
3618 244
2037 34
9310 3
21587 306
22264 277
32426 42
15191 162
31923 143
21264 105
11224 111
12031 138
11498 341
18583 338
10258 322
1398 109
3338 226
6460 304
9100 101
14750 90
11 387
22710 132
12450 68
22941 278
13898 380
29500 284
7759 68
13663 3
20485 17
25611 318
25271 108
7442 310
4064 109
31716 24
5533 107
12200 153
7523 146
14220 132
31469 142
14681 189
22393 73
9802 301
7476 147
8734 286
14067 28
24684 52
30755 35
27703 162
16643 401
3522 196
13073 149
17061 165
2497 201
31777 218
27509 68
6065 131
18090 88
17889 217
3951 369
21347 226
28956 343
2144 294
18496 288
4620 258
30939 3
10877 377
29902 348
29373 62
1679 387
13086 64
13345 72
30157 362
20036 396
12202 226
32745 35
27479 113
29160 379
10895 328
22261 46
29114 64
29649 299
12734 199
30653 216
1047 205
14644 105
27946 170
10969 400
6358 359
7343 302
17741 147
7560 187
20514 321
4288 35
6563 377
19498 282
12904 384
21067 234
1836 178
31942 201
32476 1
11032 36
16110 81
18821 291
2548 308
17490 278
27761 275
15157 340
11243 322
2314 145
11329 112
29639 331
16191 329
6322 203
4720 47
26834 31
12083 369
18851 196
16657 395
11790 208
5710 303
15255 131
3774 183
20441 258
27866 360
31279 20
15635 29
15797 64
18279 58
12143 53
16177 364
17607 143
9541 300
26173 163
4156 301
6746 2
20237 113
23781 374
6622 210
30298 74
17689 181
26520 23
10945 243
15834 118
15879 384
25320 223
32024 334
15759 131
13626 68
13902 397
19735 155
29778 353
2392 333
26277 342
32630 29
28066 283
10957 299
14508 80
22515 31
11295 123
23111 195
25479 372
16333 385
9232 18
30521 140
21310 178
7241 46
17886 354
24152 148
31549 135
13617 251
6295 29
22561 218
14546 80
11088 297
25708 13
5968 1
17843 240
32503 107
27956 15
18282 261
14965 292
9851 373
15591 381
11061 251
8470 332
13492 193
32291 194
19259 324
6004 52
3968 74
26282 34
13386 50
467 215
13886 375
12769 302
17910 367
19804 60
6228 9
11091 145
4374 213
17048 45
31658 337
18733 194
17987 393
26617 99
29484 309
22207 48
13405 324
29777 365
25932 248
12033 160
22277 246
20825 145
8829 312
1804 352
29987 255
11819 355
3001 96
18588 209
20322 392
8649 291
18684 22
31893 401
24239 138
23956 92
4038 298
17787 211
8894 222
28629 309
31133 25
27128 11
134 335
5688 128
27273 285
28506 156
12479 29
8268 145
1943 144
17427 196
15979 35
25092 79
15703 30
31287 67
5450 181
13881 226
22109 379
4609 385
8292 260
4389 146
8643 303
21582 258
30852 59
8938 348
10662 253
15648 109
8887 116
2569 56
31141 175
30237 49
24273 376
5611 390
30053 388
24846 182
1512 28
6492 179
16143 261
12896 133
30934 288
19723 230
11728 237
7078 318
7867 279
16907 7
21592 222
1557 384
29562 165
25685 1
5980 351
23814 366
9783 235
3395 248
21524 290
26744 219
18399 312
9751 292
5822 346
14220 337
2465 97
23154 391
24857 372
6919 233
2925 186
23261 228
235 130
12243 89
14972 237
12100 223
30331 257
31102 287
16327 94
6518 193
27415 51
3258 274
32398 140
1958 203
14224 272
18907 327
8915 355
5869 25
31417 122
10076 14
16349 96
9670 55
16363 393
3162 363
32438 305
30352 246
13700 163
15127 372
23724 138
25103 347
29540 107
19321 39
31188 381
6636 89
20847 346
13705 23
30594 358
31537 56
19981 36
27637 33
26323 206
28877 329
1197 22
1677 37
18211 132
26134 318
13373 198
31945 141
5271 50
18754 164
21940 269
28738 305
26260 328
7660 163
17033 376
1845 165
7750 110
8086 281
27449 312
22275 16
9499 354
29729 321
7621 374
24244 111
15173 144
28246 186
23601 69
4463 156
22075 135
24673 103
17158 221
28931 161
3896 237
32337 306
32721 129
14434 157
8635 83
20634 293
22433 24
5664 246
31237 322
13970 114
15757 400
30456 269
21406 158
30967 140
31020 116
24648 187
26577 85
27752 346
23836 27
23184 332
11307 399
9191 252
3452 164
27639 124
8448 319
13149 386
22129 108
8901 265
12262 282
534 45
4773 345
12266 260
6712 259
11585 133
8643 292
4470 91
30612 281
31346 65
28412 343
19743 373
17501 355
23071 86
1925 177
15039 366
58 357
31270 182
16662 123
24275 303
23702 13
26694 110
28781 30
21756 34
31518 389
17569 250
12233 358
19074 211
15429 263
1089 96
13680 69
2252 123
7619 26
17295 21
14890 230
4073 319
10514 399
10461 337
28611 88
16651 329
29168 149
22238 203
1932 316
6406 367
9440 19
28457 3
18651 237
31445 142
9641 39
9402 371
14215 214
2582 158
15829 254
24176 97
19052 358
5513 72
23347 94
27024 255
12781 174
4501 159
24149 17
15424 388
11885 72
8899 305
30995 197
18445 114
30421 326
14400 154
7430 99
23654 355
12049 354
13920 388
31246 205
6430 130
28307 23
12566 246
3277 102
28910 77
22223 14
13948 58
15657 377
15345 387
14781 98
10577 143
3278 362
23079 91
20570 14
11126 189
21930 200
26098 376
295 378
6256 274
6255 254
30364 269
13992 125
4074 185
23317 307
29391 175
17894 340
4144 213
5973 2
29467 311
25838 153
8373 185
14638 46
13427 15
12624 114
3213 27
11620 74
6832 118
18081 30
11508 347
32764 311
17165 27
25850 167
17349 130
2754 122
9898 214
10102 64
26115 17
13251 192
19721 38
19127 303
30292 169
15315 214
3732 121
866 348
12161 52
7433 271
26389 58
25758 148
16120 254
31037 180
22588 217
22169 207
28490 38
6289 189
23580 82
7428 94
25261 185
30693 34
26542 50
28050 349
23931 380
26465 97
32077 345
5756 356
8369 281
14576 292
20281 248
13568 87
21617 390
32447 69
29204 151
31710 315
640 151
22978 56
8040 41
2521 62
8393 139
22575 232
2079 16
20540 30
11224 211
25601 17
14089 26
2387 207
20832 36
16758 344
858 212
16109 99
10933 395
7569 139
4905 83
24801 3
1875 277
11417 166
28146 164
27526 143
18261 355
22680 256
7956 319
7737 346
17919 250
32733 2
26708 369
16858 33
21557 121
17275 336
1112 125
32591 247
17153 277
26055 101
31021 132
17920 264
32272 14
14558 99
31426 147
16986 74
13878 325
7453 227
23915 1
25677 208
7142 44
4007 89
6239 256
30158 32
10683 212
18658 87
22586 25
16725 150
32498 228
27386 144
8572 207
18527 132
18925 31
16477 278
775 58
2541 223
17073 98
2621 123
22693 241
22788 279
13673 296
24338 310
7552 28
17195 155
7393 339
6421 40
20136 134
1776 188
19724 79
21702 123
23953 247
6755 98
11646 123
32615 39
12946 36
16793 155
1011 17
30078 290
16231 64
13611 82
20166 172
12631 255
8624 38
22708 110
12155 281
2432 94
21871 301
342 219
25910 269
32587 147
30606 197
19510 107
22337 315
7503 370
6231 303
1276 155
12170 87
26087 23
7674 283
7252 68
1314 244
20914 88
14091 258
11887 248
