100 1000
4529 7614 7303 25868 29643 10711 20296 31973 31791 32 24660 26451 22646 15323 20914 25293 16264 8546 23330 31143 15805 18878 14174 10817 3138 11382 22177 24446 30655 31653 6758 19831 6710 1615 32370 1649 27695 5365 21268 23565 28946 29799 27820 24767 724 8922 27754 7553 213 21306 1624 20425 26121 15042 26779 17336 2647 23753 10230 7828 4926 18655 21903 11640 22462 32536 8694 3146 15222 28328 12643 14574 17674 17072 1343 26297 29639 29016 7910 9769 6282 16670 16300 13523 13789 14446 27166 2460 11108 11122 2186 28972 12408 23595 23745 20128 25105 24769 7451 21631 
973400 982570 974725 981073 970083 994718 980267 987671 990121 978116 967570 976406 997844 998540 977693 977300 984256 987223 996306 990699 994319 982569 994524 991762 994702 998543 975551 983018 990539 997968 968792 975176 996977 973782 994970 989382 979177 993882 976649 993865 989105 983249 978165 999248 990202 983705 995702 996098 991492 976866 976427 991733 982200 977885 975537 993726 993545 977062 983268 967740 975370 978161 986072 977571 978126 972662 990613 977994 967427 967708 984980 992564 991052 972519 991740 983136 992866 995491 990619 979407 993512 989516 996518 971865 997905 994371 972335 972591 988914 987698 993386 976687 989863 988346 982431 999402 998184 989153 989165 
12747
30552
32003
27261
25166
18190
19809
4386
9316
26366
8767
16062
14379
29211
22738
4486
24976
240
14988
13298
19649
19518
9525
13433
5862
25319
31037
2715
20236
30474
16977
27941
865
1648
20012
23985
11943
25127
9648
3436
6627
22892
7221
32540
1621
3023
26913
2657
13229
9873
32696
9274
5756
4433
6454
4300
21225
19943
9499
25183
20389
3985
5063
27050
29985
19789
12102
31568
27902
21381
30317
11946
30149
6385
11814
31175
7896
23226
7432
20145
168
17371
9515
7666
17705
9165
12346
25175
5251
30819
8649
6644
14859
20211
17385
20584
5489
16566
25082
7779
11322
3697
1473
16997
28529
8021
2747
14024
2458
26404
31664
26880
18664
30614
28298
30242
31152
16635
21096
4259
17692
17953
25583
29538
26660
18296
15328
1513
22202
10612
11248
5616
8005
6707
24020
18979
8785
14944
26779
12838
29317
19799
20544
6101
28885
13450
9088
30160
30969
14883
11241
14135
12829
28395
25652
9394
22490
8042
10452
8885
3941
9296
22223
9474
7430
4627
19661
31599
3532
3034
622
23529
10624
15770
10721
19897
16599
16766
4019
23046
11243
29837
11492
9627
3308
32391
8000
22507
11027
4367
31724
29522
31192
8719
12352
670
8293
9561
25812
16334
5450
2442
5854
6170
8818
31796
23483
12595
25942
14652
715
21451
8048
27008
2434
24408
27379
21693
5564
11029
10169
27313
27217
30794
13437
26492
2538
22990
18506
5964
31763
13514
51
32057
26769
16063
30021
24942
31989
7371
28346
2698
20593
2088
1135
9798
14827
7157
17817
9559
19536
12345
14259
3734
27947
26149
16827
3422
14710
18841
22429
16181
11439
11242
31216
1199
15919
7139
24032
22928
26808
7945
20843
30769
20557
4131
12241
19493
31302
18170
31301
30747
19363
27998
26857
29446
16801
9577
2041
124
6283
25864
13638
2140
21715
10934
4583
4532
25185
28555
15403
25826
15915
31350
26066
6393
24070
30919
6780
4198
19131
32752
19041
10451
8286
23692
27971
8779
26843
21152
20897
415
1234
13089
27694
29193
5797
27319
15233
27152
9167
28097
5134
6059
24695
9625
26709
22441
22852
17177
24921
15440
28532
6750
23380
26437
23336
27595
6825
15020
10242
15953
19738
9615
24562
12014
11067
3972
22605
22900
20006
10122
21792
16012
3441
6709
30403
19194
31069
29451
9649
25635
17744
11565
28822
7628
13958
14138
4266
32036
27395
28272
2110
27909
3276
21780
3988
18295
17750
2068
17396
6262
1343
14316
19708
32245
29756
10438
27704
18722
7507
32229
10995
17644
11082
21571
6732
17858
18783
28793
22924
26270
31801
992
22198
5955
1823
19702
32096
24515
12648
5891
18370
32067
50
23804
26125
15362
14423
5031
28670
12952
15517
24320
21682
17020
7213
14044
31932
457
25927
16076
21109
29250
4147
21828
9363
10643
5755
7676
5885
20186
2647
2967
5598
4453
17001
11395
32504
31933
28074
16160
30012
19940
9125
20772
4759
11740
17635
28222
27662
30056
16294
8697
7181
24087
3290
20708
18172
17533
31048
11504
19988
24516
3853
18713
9329
4708
13130
4168
31336
14382
19486
9080
13082
5519
721
25368
22601
19475
30290
10161
107
30760
29156
28105
23293
23589
31764
30983
22298
15498
20974
12952
6220
20873
8816
18128
11682
29126
7743
17941
16131
23132
12185
19705
9409
14368
28299
30630
7537
22057
9572
9343
5627
5520
31081
18948
14317
4724
3018
25590
12821
6721
9941
15292
28494
22322
19306
4102
12186
21781
12975
24496
14193
17231
6148
23529
2393
6175
24378
17812
23991
31015
27391
14830
19685
3368
14237
12914
24452
6925
3557
15354
30996
6699
25189
10534
20674
6087
13538
17409
27776
5592
1026
17122
21083
18191
10568
1169
25609
19477
12613
22443
6338
22036
1037
20808
2386
21112
29161
30426
619
1015
30795
16217
4415
11470
21255
12189
15950
11854
11711
5643
27261
16792
2463
10611
617
11685
11083
3897
31738
7817
9494
3251
21051
504
20853
26579
29545
3337
20915
15110
21834
20282
25830
16475
9151
30388
11041
22504
15773
10705
10475
19818
29625
6620
7920
8491
15938
13080
2551
22569
23636
3587
24340
6004
4553
1499
22559
3800
30547
6242
25700
30396
4296
29407
4508
9546
7612
20581
285
32464
22613
3415
15693
17766
5723
5164
860
3026
143
1904
21811
20392
21566
19723
26535
32438
25365
24262
16627
27550
17719
1035
7013
30149
29069
22764
24663
26732
12381
18024
20321
21789
7199
20457
9677
27977
9356
23056
23115
7983
18423
20149
16614
31231
30432
16938
11063
7488
21959
32192
22745
14191
20798
5005
19485
22505
14402
24428
22270
6155
20683
6468
29783
24471
6818
23694
16723
18521
13427
18705
11045
25867
5923
8432
9466
28535
7011
2023
31276
8667
32134
18386
4281
16273
21391
15983
12275
4335
10639
22628
8057
22125
14382
15748
12901
30469
27015
4686
4807
28128
8249
29366
24915
15150
29882
2601
32086
23638
23791
27851
2287
3919
29178
5635
32123
25933
18516
12345
25681
26785
3611
2526
1968
23002
25517
23469
12277
18481
8821
17457
16657
2340
1541
7304
19515
21344
27493
2662
27106
228
6827
29533
28646
15460
20172
13659
22535
7659
28594
18548
27294
31429
12943
11745
395
27804
5232
20553
30574
21473
25365
14656
5914
22894
18432
16398
8006
13161
2508
5553
11910
12651
30656
21029
11130
21473
13220
26338
32069
29363
19923
6823
10305
14116
26514
29302
8946
27898
20384
11231
30520
28382
19727
11394
968
12805
3153
2768
29148
13584
25238
5137
13098
22065
23382
29611
7187
21648
17449
24481
28190
237
10975
28250
26276
24966
461
31140
9677
19771
24165
13048
443
16880
1546
19712
6660
31283
15650
24150
16230
1566
3180
24975
950
27519
28819
30328
1562
4407
10244
18591
20344
31200
4861
16149
21294
4531
23015
22899
26628
5032
19942
24091
19806
18910
14254
15808
4279
11582
2200
20521
26442
10332
8693
20017
20498
413
9890
11539
4597
12447
2781
16100
27197
8917
22102
15457
32583
13170
19593
7147
27519
23177
28492
22992
29836
22386
4004
5580
17095
23151
24797
10704
11506
29071
16858
7681
27687
15571
12457
7684
19470
11664
7258
21369
11091
21780
2322
18885
24663
1676
14939
16149
22054
20518
22462
1696
30122
3954
16276
24620
12062
9486
31769
26835
