1000
5
68 47 45 97 42 
5
18 80 33 84 54 
10
12 61 91 51 96 16 83 56 34 1 
8
49 59 63 88 37 85 55 32 
7
69 58 22 40 93 34 84 
2
92 33 
2
26 9 
6
92 41 8 71 61 64 
10
44 39 6 72 2 55 67 7 31 82 
9
52 29 76 8 63 2 57 9 3 
2
5 89 
5
38 8 46 32 64 
10
79 88 66 97 88 15 45 18 92 24 
8
17 85 30 14 14 36 67 70 
2
1 15 
3
24 31 57 
4
40 20 4 96 
6
78 19 1 85 60 1 
10
74 29 85 8 54 64 84 57 7 67 
9
74 44 32 9 74 55 91 2 13 
5
11 13 71 5 95 
2
39 2 
6
21 79 67 32 15 17 
7
74 47 54 73 22 61 19 
10
96 73 79 100 40 93 100 17 31 15 
8
34 39 34 64 68 9 52 17 
7
15 40 36 77 62 24 67 
4
85 2 99 68 
4
18 7 36 60 
9
81 9 18 33 41 85 87 12 97 
8
37 50 14 64 61 88 49 38 
4
31 21 16 45 
9
72 74 53 3 8 45 36 5 57 
7
45 29 37 6 8 24 70 
5
70 57 17 41 36 
2
79 9 
10
31 56 32 83 67 77 38 43 93 98 
5
68 32 63 98 99 
3
85 22 36 
3
36 49 86 
10
7 53 55 74 68 93 38 38 26 13 
9
65 21 60 28 45 79 15 61 46 
6
59 95 4 34 94 88 
9
29 63 15 18 7 37 73 73 78 
10
35 96 87 100 9 96 27 98 17 17 
9
62 90 43 72 32 24 77 52 39 
6
96 88 90 25 41 15 
4
95 30 73 49 
7
9 69 67 79 12 28 84 
8
82 80 75 41 3 14 46 91 
5
68 51 86 78 40 
3
94 40 96 
5
39 67 53 11 46 
10
79 44 87 33 15 58 2 64 78 64 
2
12 30 
2
51 15 
4
61 5 17 46 
9
18 46 43 30 52 46 24 57 36 
2
47 81 
6
20 93 43 81 53 41 
4
65 45 44 11 
8
9 92 28 81 8 53 54 95 
10
92 50 37 91 5 32 8 38 34 57 
2
13 19 
6
98 23 91 83 54 95 
3
70 67 23 
3
65 46 75 
4
87 87 39 10 
9
5 5 20 1 55 71 50 66 23 
2
11 85 
5
22 82 68 97 42 
7
4 85 13 65 98 22 98 
6
47 5 12 59 19 30 
5
74 44 67 86 100 
9
94 1 9 16 22 74 48 9 2 
9
11 70 29 27 89 52 38 87 70 
6
56 87 93 11 69 13 
7
99 13 40 92 22 96 76 
6
51 97 94 27 83 48 
3
85 90 89 
4
73 28 55 98 
3
81 97 57 
10
9 61 82 10 42 95 15 100 43 19 
9
95 44 31 26 26 64 18 15 71 
9
28 77 30 64 46 21 47 64 45 
3
97 92 19 
4
91 49 27 51 
2
95 72 
6
58 39 35 35 73 33 
9
32 25 61 36 76 23 1 99 3 
9
68 14 88 34 31 97 18 27 58 
4
45 42 70 21 
10
33 93 79 28 13 68 4 17 72 5 
6
2 77 35 52 28 7 
2
75 65 
2
36 84 
6
37 79 81 1 15 61 
6
14 23 100 34 100 16 
7
14 45 43 78 66 42 79 
9
4 76 80 28 89 78 27 12 51 
4
47 12 17 93 
4
38 96 95 74 
8
55 48 14 78 43 47 94 26 
8
56 89 4 20 63 58 80 57 
5
68 59 10 78 70 
2
68 55 
6
81 14 87 10 74 17 
5
45 84 89 86 93 
4
19 45 70 70 
3
64 67 22 
7
10 84 82 46 56 16 71 
3
16 25 9 
10
39 12 62 75 66 33 77 60 68 11 
4
19 69 38 99 
6
48 96 9 62 71 94 
8
10 59 74 74 2 85 40 48 
5
74 40 42 17 93 
9
77 55 1 13 37 59 28 53 45 
5
31 50 34 31 55 
2
89 52 
9
87 49 24 74 83 78 23 43 5 
3
99 51 49 
9
55 28 59 46 70 64 62 92 49 
4
72 97 46 22 
3
85 1 13 
7
10 38 43 24 90 21 45 
10
67 40 73 58 92 56 8 42 24 14 
10
65 10 16 23 54 6 2 76 35 62 
3
31 34 85 
3
63 80 35 
4
47 40 86 57 
2
39 67 
9
1 27 25 20 21 87 23 29 67 
4
74 14 34 72 
10
83 49 13 72 15 92 6 56 18 23 
3
56 37 55 
8
74 83 91 41 99 45 23 36 
8
63 39 59 50 54 96 84 33 
7
97 94 66 84 69 4 29 
4
62 23 85 74 
4
74 73 74 38 
2
62 63 
7
75 65 72 100 71 82 53 
8
2 80 19 88 77 64 89 39 
5
2 70 17 19 33 
7
51 14 68 17 85 75 6 
5
19 71 22 53 99 
7
75 91 22 2 17 84 54 
8
46 69 82 36 54 32 27 59 
4
80 80 10 85 
3
7 60 11 
4
55 21 22 15 
8
25 62 34 55 52 37 99 35 
3
91 59 1 
5
67 25 51 72 12 
10
12 90 41 19 97 14 36 53 22 5 
8
37 3 49 29 15 3 70 46 
8
13 60 12 75 72 26 43 73 
8
3 6 5 100 84 92 99 27 
10
93 8 94 95 82 77 91 74 66 21 
9
32 24 19 49 62 59 69 1 39 
3
21 83 45 
6
32 74 100 93 90 48 
5
55 71 11 7 67 
6
64 48 93 26 95 86 
7
96 75 46 40 56 27 22 
7
81 31 78 41 50 76 9 
4
26 84 56 76 
4
95 76 65 93 
9
11 76 7 73 60 85 56 28 14 
10
71 43 77 2 11 2 3 34 54 81 
4
77 65 76 13 
8
68 38 60 78 36 72 3 11 
2
83 22 
7
51 41 66 42 76 57 51 
3
75 49 87 
8
12 9 57 10 23 11 30 48 
10
39 90 43 27 97 39 5 17 4 65 
3
72 30 37 
8
74 21 12 81 25 80 54 26 
8
80 84 55 49 5 22 39 93 
7
70 14 70 37 98 13 41 
9
42 18 47 86 14 18 51 3 46 
2
30 65 
8
37 97 64 42 47 21 82 84 
3
13 49 8 
10
11 31 90 1 6 91 43 16 5 80 
6
88 20 6 94 26 1 
2
70 100 
6
2 73 11 28 54 55 
6
45 86 49 72 52 21 
9
28 71 3 50 96 54 75 21 88 
2
98 70 
5
75 12 36 32 29 
9
100 39 57 13 79 36 24 21 87 
3
42 2 73 
3
31 37 73 
8
83 16 56 96 52 41 100 70 
8
92 80 92 81 27 37 68 98 
2
15 18 
2
88 28 
4
17 33 70 83 
8
80 45 56 92 95 10 28 57 
7
16 35 19 39 47 19 26 
7
96 93 47 74 12 51 66 
2
16 36 
2
80 56 
10
64 27 72 69 99 32 97 47 82 38 
10
25 18 62 27 98 83 64 2 56 4 
6
17 69 23 39 98 68 
2
42 83 
6
15 14 61 40 48 33 
7
23 29 35 74 29 68 36 
5
56 2 65 48 4 
6
96 88 92 73 52 83 
10
85 94 24 33 22 34 69 73 21 83 
7
66 21 85 85 97 15 24 
3
75 6 11 
5
91 43 29 35 20 
5
100 94 95 11 82 
2
24 56 
3
21 76 98 
5
54 82 78 89 66 
8
9 53 79 81 18 97 57 54 
8
40 25 74 25 25 34 59 54 
2
60 89 
4
21 75 39 9 
8
64 50 92 85 20 70 67 62 
2
21 66 
6
78 32 7 6 1 47 
8
69 59 77 43 26 57 98 12 
3
2 47 95 
8
18 18 34 43 60 7 11 7 
10
77 8 36 33 91 96 59 30 23 52 
5
88 97 55 56 31 
8
60 38 26 44 1 82 79 71 
9
43 55 54 33 76 7 32 33 35 
6
52 55 93 68 10 33 
7
84 16 21 7 38 63 85 
3
19 63 36 
9
35 61 48 84 65 32 65 38 25 
4
59 8 60 66 
8
3 35 79 93 66 82 36 33 
9
25 22 46 20 32 99 22 45 89 
7
3 71 17 86 75 98 41 
7
2 16 54 15 82 90 55 
7
63 12 2 15 9 18 71 
2
98 37 
5
18 85 12 100 62 
9
75 48 36 57 97 97 8 89 28 
4
12 90 46 88 
6
54 48 69 49 27 83 
10
45 55 27 86 75 49 7 53 76 2 
5
22 82 60 99 40 
5
96 74 42 38 90 
2
84 15 
5
57 93 80 54 23 
6
55 60 44 49 6 84 
5
8 44 25 35 55 
5
33 70 83 52 69 
7
21 65 31 36 24 39 46 
3
79 64 66 
6
29 68 50 83 4 94 
7
87 81 89 41 45 80 6 
10
19 19 92 72 39 14 84 26 78 42 
8
49 47 81 82 14 70 31 32 
5
53 92 15 16 96 
6
29 6 22 2 19 17 
3
43 65 20 
4
73 5 82 16 
2
17 64 
9
67 52 26 98 18 53 52 36 15 
9
90 38 92 3 61 56 43 96 75 
3
20 48 73 
2
98 49 
9
68 45 26 80 12 89 13 44 74 
7
39 72 32 80 84 31 55 
5
13 99 49 4 44 
3
4 88 47 
6
3 77 71 2 35 41 
9
83 94 28 53 88 20 85 6 54 
6
71 94 3 53 67 10 
10
68 16 37 36 57 61 36 96 56 22 
9
64 16 15 34 36 7 36 9 71 
6
51 81 52 31 59 73 
9
38 61 97 29 83 78 94 11 90 
4
32 50 82 78 
5
70 40 72 46 32 
7
69 54 53 98 4 36 15 
6
44 27 29 67 57 99 
10
40 67 61 21 38 62 30 51 90 43 
3
32 93 70 
7
45 81 37 8 11 70 27 
5
54 31 14 69 60 
4
56 44 40 68 
7
33 82 63 68 22 60 85 
3
49 65 6 
10
66 51 63 74 88 20 6 17 35 37 
6
88 13 94 62 54 58 
10
100 92 80 32 64 99 1 32 35 57 
4
27 13 55 78 
3
10 19 12 
7
25 83 19 65 3 55 71 
9
82 47 40 76 68 89 77 2 93 
9
71 55 72 82 44 21 36 6 67 
8
96 43 22 63 91 69 58 34 
8
74 91 35 46 24 87 54 68 
7
52 25 43 45 45 8 62 
9
91 75 33 61 20 68 54 41 58 
4
1 2 92 7 
3
16 42 78 
10
4 41 13 3 91 68 85 36 25 60 
9
62 78 36 64 7 65 99 72 37 
6
60 83 91 18 99 87 
4
68 8 79 16 
8
43 50 42 46 4 70 9 3 
4
91 7 37 31 
2
74 53 
7
42 21 64 33 79 58 27 
8
41 82 28 11 53 97 46 37 
8
99 97 91 61 75 29 28 69 
4
97 92 40 42 
6
18 72 34 60 74 48 
5
66 30 44 89 14 
3
73 54 62 
7
11 26 79 4 34 25 13 
9
89 71 19 35 89 49 75 88 66 
3
15 71 83 
8
24 96 98 29 43 69 84 27 
9
80 19 21 76 28 26 29 57 89 
10
16 53 69 72 62 8 21 98 50 61 
8
68 22 3 91 33 20 47 41 
2
36 41 
5
61 22 23 47 55 
7
10 76 33 57 91 38 39 
10
6 17 81 54 29 40 28 62 3 30 
6
68 26 65 31 100 11 
9
82 100 19 14 50 22 49 85 24 
3
9 12 26 
4
15 27 35 94 
9
22 30 2 44 86 18 46 82 66 
5
68 79 98 31 10 
10
20 48 91 32 79 48 89 30 94 55 
5
2 18 19 76 72 
10
80 11 92 59 31 69 26 50 9 40 
3
42 87 5 
8
53 28 69 91 89 64 54 85 
2
86 6 
6
33 2 94 45 39 69 
3
64 2 72 
4
68 26 62 6 
10
24 47 23 21 56 57 25 39 19 94 
8
41 47 43 96 63 51 30 45 
3
2 66 22 
10
16 13 19 57 44 81 27 3 41 30 
8
23 96 13 21 75 49 19 14 
5
50 16 42 28 100 
3
57 33 64 
9
37 21 19 66 27 80 100 23 82 
7
9 47 14 36 81 10 6 
6
61 35 46 95 99 74 
9
39 34 24 30 38 74 73 89 47 
2
84 78 
9
50 50 42 9 42 3 100 37 27 
3
87 99 90 
3
29 83 23 
9
30 27 62 68 90 68 70 58 63 
3
22 65 9 
3
19 75 47 
10
99 89 1 37 35 15 14 69 49 75 
9
31 16 71 7 27 27 31 16 98 
3
23 46 97 
7
35 65 53 60 55 85 77 
10
62 15 77 3 83 72 99 22 72 13 
8
29 84 14 92 34 78 2 85 
7
10 64 13 8 16 23 85 
2
56 68 
2
34 5 
8
90 13 13 10 25 100 62 21 
7
97 5 46 44 42 39 83 
10
56 53 91 58 5 8 33 74 48 83 
7
16 16 12 39 37 25 91 
7
70 81 52 80 28 18 45 
2
94 68 
8
42 45 25 47 70 89 73 42 
7
85 92 66 12 42 86 2 
5
16 4 76 96 63 
10
34 16 80 74 37 33 1 27 25 77 
5
62 45 24 28 49 
6
7 25 81 10 51 84 
5
84 20 75 14 32 
8
44 87 18 60 98 83 50 74 
8
38 92 97 21 52 6 91 99 
6
13 20 28 23 63 41 
2
84 6 
4
36 93 89 16 
4
80 41 11 94 
2
77 67 
6
84 5 22 50 26 5 
4
89 28 41 73 
7
56 58 41 99 35 99 31 
6
97 42 90 94 94 39 
9
1 69 36 88 9 85 19 87 18 
5
89 8 4 86 57 
3
66 87 53 
7
53 26 52 5 26 47 12 
10
56 87 72 86 41 50 48 30 38 26 
10
97 51 14 54 15 52 31 80 9 29 
6
76 31 83 31 27 22 
8
59 28 98 25 17 48 55 62 
10
99 91 91 83 19 84 17 40 71 17 
3
34 82 40 
2
92 86 
3
86 67 53 
4
27 69 79 83 
9
21 70 32 51 59 26 40 18 58 
4
87 57 79 98 
6
27 30 31 79 74 41 
10
39 19 11 66 49 59 89 22 81 80 
7
7 14 30 33 2 94 4 
3
46 41 76 
9
53 57 72 86 50 74 21 4 76 
7
59 24 71 43 21 83 56 
7
14 81 35 94 63 99 5 
4
47 1 58 99 
4
94 76 43 47 
10
76 93 16 71 75 24 1 7 97 34 
3
35 74 61 
5
77 68 97 95 35 
2
64 69 
4
33 8 7 50 
6
51 46 67 88 68 44 
8
30 7 5 65 69 57 77 79 
10
5 95 94 67 39 67 17 21 58 37 
9
32 40 79 54 71 32 68 63 41 
9
41 81 92 14 92 97 98 18 89 
10
72 41 83 57 8 7 73 51 24 95 
3
67 10 38 
10
61 47 14 24 52 74 83 57 74 93 
2
14 68 
6
22 70 39 58 62 6 
8
39 33 14 42 55 99 93 42 
9
8 48 84 6 86 71 76 37 45 
3
70 4 89 
2
44 84 
9
45 81 34 52 24 58 23 88 39 
3
31 82 91 
2
68 20 
7
99 97 95 47 66 53 77 
9
90 15 84 12 84 7 35 12 62 
10
97 26 41 21 8 82 43 76 54 47 
3
39 88 69 
9
9 80 75 20 57 49 11 77 86 
4
53 46 23 97 
6
79 64 97 47 24 44 
3
5 39 36 
9
81 29 10 81 46 21 57 59 45 
9
18 36 75 51 31 49 27 62 39 
7
5 93 100 53 43 96 53 
8
45 58 73 60 33 92 47 12 
4
21 25 76 99 
2
26 81 
4
37 8 76 85 
5
55 19 8 79 7 
2
33 45 
2
78 57 
7
43 73 46 65 11 4 9 
5
86 71 2 13 4 
3
24 39 82 
2
40 46 
2
65 37 
8
13 15 14 19 9 34 34 74 
7
6 38 79 61 24 63 43 
7
21 13 78 36 72 60 3 
2
96 6 
3
23 64 53 
7
19 60 62 3 40 51 19 
6
87 64 33 89 14 31 
4
89 57 60 18 
6
14 91 2 85 87 89 
7
9 71 71 34 95 96 88 
7
17 25 57 7 98 75 75 
10
62 95 84 26 84 36 81 5 31 48 
8
10 29 28 55 22 49 79 43 
9
29 11 22 61 71 27 12 71 35 
4
87 86 11 41 
8
16 30 84 37 73 42 81 59 
8
2 86 4 84 68 92 74 70 
2
81 73 
10
50 74 65 21 51 17 62 54 53 87 
3
36 62 26 
5
54 71 12 13 11 
8
26 91 84 62 100 92 98 38 
4
29 25 4 67 
5
65 89 67 92 88 
7
69 18 31 16 49 43 26 
9
45 93 81 41 23 35 81 52 75 
2
45 78 
3
82 26 1 
8
100 16 9 61 18 70 58 70 
2
72 47 
4
63 80 79 32 
2
26 91 
10
70 11 95 68 55 4 38 27 80 77 
7
87 74 70 86 13 57 58 
8
52 4 94 25 47 76 11 53 
8
93 30 12 94 48 56 70 14 
3
21 18 50 
9
17 79 44 59 4 88 53 57 53 
3
36 31 34 
3
24 37 65 
2
4 16 
10
93 38 60 19 80 16 83 80 37 39 
2
61 97 
9
93 67 82 53 17 60 32 79 54 
7
12 18 7 74 54 81 74 
6
20 34 88 85 3 7 
10
87 94 18 92 35 85 21 36 97 87 
7
45 95 66 32 3 47 64 
4
35 2 46 30 
5
5 51 99 47 65 
8
35 96 100 99 56 11 3 48 
5
12 96 38 100 46 
9
8 62 86 28 56 35 84 50 23 
6
30 70 66 93 100 31 
10
36 84 73 5 52 84 58 91 87 81 
3
27 28 13 
3
68 37 55 
4
29 34 80 2 
9
44 100 33 48 13 52 98 52 44 
2
67 5 
2
11 82 
3
14 75 61 
9
33 48 45 70 49 39 13 43 29 
8
71 4 99 52 93 69 11 54 
6
38 100 63 66 34 98 
5
6 76 30 96 50 
9
31 46 53 25 90 19 85 72 25 
8
18 34 84 71 48 74 88 1 
5
82 5 16 97 34 
4
27 46 25 7 
8
81 75 10 74 94 82 21 49 
10
67 85 30 58 14 34 50 32 69 13 
3
52 26 59 
8
68 98 5 79 53 22 57 66 
2
49 55 
4
56 44 26 49 
7
47 24 62 79 75 37 48 
3
19 17 53 
10
22 77 85 63 76 67 34 4 24 89 
4
17 88 96 66 
4
58 1 83 48 
6
96 59 10 12 78 36 
10
77 72 69 49 48 39 79 23 10 51 
4
54 65 33 99 
10
15 91 42 46 65 83 81 96 81 69 
4
63 19 35 6 
10
63 84 68 17 85 38 37 23 78 58 
7
29 29 84 24 100 88 77 
5
37 64 93 75 83 
9
84 70 52 61 96 84 63 69 97 
8
66 70 26 63 8 32 42 31 
2
1 71 
8
67 93 32 5 46 7 58 92 
3
32 25 3 
7
7 46 25 20 59 53 46 
9
36 78 70 4 73 47 57 49 94 
2
42 32 
10
10 7 53 13 83 52 26 88 26 83 
4
48 22 78 79 
4
55 48 56 95 
10
26 33 27 14 1 63 84 57 46 64 
4
40 38 84 42 
9
91 29 17 33 21 32 84 57 88 
3
19 44 55 
7
84 100 81 23 36 86 62 
7
33 27 55 99 9 89 2 
9
91 38 80 47 96 42 51 86 39 
7
46 94 21 70 96 74 2 
8
43 21 99 99 54 42 8 60 
2
21 91 
6
27 23 4 16 97 13 
5
2 51 75 2 4 
3
47 6 84 
7
67 72 13 67 68 74 30 
3
32 66 23 
8
21 50 99 88 29 14 73 36 
8
18 64 76 48 58 93 74 24 
3
98 75 26 
10
53 87 82 84 8 58 13 6 91 66 
7
19 4 37 36 86 94 48 
10
17 77 35 23 34 36 12 46 96 29 
10
77 41 18 19 17 40 14 43 4 100 
4
90 31 30 64 
10
75 31 75 43 25 7 42 53 69 96 
9
50 32 16 1 22 92 34 21 100 
5
15 75 15 96 38 
5
95 51 68 9 92 
7
86 89 13 45 72 72 27 
8
15 9 87 10 12 32 76 14 
7
53 36 22 10 22 49 13 
8
97 88 9 20 14 36 40 48 
9
80 87 29 97 11 8 61 8 35 
9
48 36 96 99 6 53 61 90 37 
8
74 62 12 53 87 58 10 24 
7
18 86 17 9 98 73 76 
10
74 11 25 72 16 52 58 95 2 71 
8
28 20 67 84 98 71 20 80 
6
46 53 82 20 65 80 
9
5 38 63 77 37 3 27 85 44 
9
68 93 31 51 24 28 78 60 27 
8
55 4 1 72 69 14 79 33 
2
58 1 
5
62 9 45 2 81 
6
94 94 88 80 71 69 
3
86 15 88 
6
45 17 54 4 31 32 
10
3 92 55 13 94 100 73 71 82 53 
10
77 12 44 3 43 76 13 15 4 49 
3
90 83 97 
6
25 79 62 41 2 24 
9
69 89 68 49 72 57 3 25 85 
4
58 91 44 32 
2
27 4 
5
61 13 72 20 14 
3
52 15 53 
9
59 47 33 39 48 29 77 87 9 
3
3 46 26 
8
96 89 36 36 86 44 94 45 
10
79 21 54 32 93 55 83 37 85 44 
4
1 61 81 25 
2
68 66 
7
88 27 55 19 68 75 96 
10
63 69 98 97 72 31 65 37 89 64 
10
69 66 39 72 34 41 41 43 14 42 
4
49 41 32 24 
8
89 70 82 90 67 52 44 54 
4
68 97 93 41 
4
68 5 75 72 
7
65 66 96 52 48 33 41 
3
90 84 44 
6
80 18 52 93 77 59 
7
17 87 76 82 2 93 61 
4
90 81 65 20 
3
15 62 96 
3
94 49 51 
5
80 56 31 95 12 
9
25 4 84 97 7 43 78 93 89 
7
10 84 92 70 33 77 66 
2
95 96 
2
69 91 
2
33 12 
5
43 56 63 33 10 
8
46 85 50 51 23 91 96 50 
2
50 54 
10
54 27 46 30 23 95 68 22 47 61 
8
1 56 16 5 8 67 29 57 
9
1 37 52 36 36 52 9 16 62 
6
3 88 40 95 16 65 
7
50 68 53 25 36 22 17 
2
41 34 
2
30 69 
8
100 36 91 75 23 18 43 37 
4
48 45 81 22 
8
52 86 89 44 52 96 2 32 
4
49 13 69 96 
3
77 19 32 
8
53 19 74 36 20 86 56 16 
7
52 54 31 12 30 11 13 
9
62 54 84 62 53 81 91 40 22 
9
78 42 54 47 12 21 30 30 99 
3
55 74 61 
6
23 82 73 94 69 24 
3
41 2 85 
4
13 80 80 84 
5
34 53 31 65 40 
3
3 38 10 
10
75 93 42 75 61 83 15 89 10 81 
10
27 51 10 24 65 5 21 78 35 7 
7
52 70 13 38 24 92 4 
4
80 80 42 44 
8
45 2 27 45 79 67 61 18 
9
96 34 66 95 66 86 60 80 15 
2
61 45 
3
96 35 5 
4
62 45 35 64 
7
19 11 88 79 99 3 74 
8
62 41 32 81 45 68 89 39 
8
79 89 16 21 14 39 99 6 
6
68 30 79 86 4 87 
7
52 77 33 95 18 24 40 
8
33 26 60 78 56 22 73 56 
2
26 41 
4
42 9 66 74 
5
89 47 94 4 82 
7
74 67 49 30 4 29 38 
10
94 84 42 6 97 98 54 31 44 20 
9
43 30 7 26 3 13 55 6 67 
7
29 44 30 37 80 53 76 
2
32 82 
4
46 59 84 24 
2
85 91 
4
97 60 87 78 
5
45 54 3 4 63 
5
30 93 16 65 93 
6
63 41 13 74 24 25 
10
75 71 63 44 61 83 72 56 34 79 
3
99 46 54 
9
32 7 75 30 14 72 77 90 68 
3
97 77 58 
5
96 20 70 81 42 
8
11 82 70 35 81 89 94 18 
7
21 54 40 55 18 45 53 
4
94 26 49 84 
2
13 8 
8
33 80 100 90 54 49 93 80 
9
66 62 3 72 79 37 52 40 36 
10
85 75 1 33 51 63 50 63 97 29 
4
99 47 38 44 
6
19 71 74 75 22 77 
10
44 59 5 22 44 75 14 40 71 49 
8
65 42 35 55 27 10 30 59 
10
98 43 45 20 27 84 73 62 96 2 
8
89 25 13 5 10 48 72 41 
10
31 42 76 77 1 71 85 92 64 29 
5
66 10 66 10 23 
2
84 31 
8
85 88 15 8 88 43 44 35 
6
68 14 20 58 75 47 
9
10 61 27 53 65 37 49 51 12 
5
26 31 37 91 31 
5
37 72 32 32 71 
3
41 20 78 
6
62 20 97 48 58 85 
8
4 61 36 86 28 28 10 59 
2
63 60 
2
56 95 
5
98 33 29 48 97 
6
88 47 38 90 76 73 
5
88 13 97 47 50 
4
88 59 1 47 
2
63 72 
4
25 32 16 31 
2
63 95 
6
12 45 22 87 1 51 
10
70 12 14 58 38 72 17 22 94 73 
5
57 24 79 75 39 
9
74 76 18 93 29 50 96 45 34 
7
42 4 38 7 91 91 48 
5
62 61 65 90 45 
4
98 25 97 99 
3
97 59 80 
4
45 96 78 2 
4
7 31 72 79 
7
32 43 84 75 14 59 28 
10
23 93 55 37 76 64 38 19 74 8 
2
24 84 
6
47 14 56 93 14 62 
2
57 48 
9
18 67 24 100 14 94 76 22 52 
8
24 22 96 99 42 96 83 35 
5
10 41 67 10 75 
10
26 75 90 90 52 47 95 70 70 61 
8
66 51 19 6 95 45 8 27 
4
26 7 32 14 
5
66 54 85 22 37 
2
44 94 
5
63 84 96 6 52 
7
16 52 4 55 19 25 90 
8
15 8 9 72 44 41 33 76 
9
33 30 54 26 63 84 44 7 18 
7
25 53 20 52 84 100 15 
3
18 76 57 
10
42 62 30 47 84 18 23 32 5 72 
2
90 9 
8
63 59 72 16 70 53 99 89 
7
77 94 58 61 25 97 82 
7
34 2 76 75 35 97 95 
2
41 25 
3
42 25 37 
3
22 62 25 
4
33 13 100 80 
5
57 49 6 19 44 
7
63 37 66 62 21 44 56 
2
2 4 
9
81 54 72 30 19 13 44 79 62 
5
37 34 61 32 13 
5
3 67 4 6 96 
9
6 7 88 31 44 85 3 92 77 
10
22 23 4 68 46 79 46 59 45 2 
5
80 43 72 56 57 
5
88 39 63 19 93 
10
31 34 87 14 90 40 8 42 44 5 
6
6 22 50 63 30 77 
10
45 40 9 90 72 91 95 12 82 51 
9
74 5 85 38 98 47 7 15 84 
7
73 22 100 61 1 42 89 
5
47 15 50 8 2 
9
75 67 57 95 47 38 55 70 1 
7
82 86 30 99 97 83 61 
6
76 20 43 52 26 64 
3
5 72 35 
3
91 70 82 
5
95 91 99 22 100 
6
85 71 82 49 96 5 
6
12 52 12 98 52 63 
5
51 58 87 36 45 
6
61 37 60 35 6 7 
4
78 98 70 94 
9
50 80 60 71 26 86 97 7 36 
10
8 98 14 74 22 44 75 54 44 47 
2
75 37 
10
66 28 44 63 38 48 44 79 92 31 
10
24 28 26 38 19 51 23 67 86 35 
6
51 70 55 73 30 80 
10
55 81 71 65 66 91 15 16 14 32 
2
7 14 
5
90 8 15 11 77 
4
37 10 82 57 
3
45 74 52 
2
39 90 
3
49 69 17 
8
21 30 6 29 52 43 18 16 
5
31 22 20 50 45 
10
62 26 45 37 8 78 59 73 91 82 
4
65 88 73 74 
7
41 99 75 96 38 34 78 
8
36 90 18 59 17 35 11 59 
10
61 4 78 10 12 87 81 86 16 26 
2
82 27 
6
18 76 15 15 87 39 
6
2 49 28 16 25 96 
10
98 46 4 79 31 90 65 20 94 7 
2
34 28 
9
20 67 21 67 12 2 80 67 7 
6
70 19 49 29 69 89 
10
1 69 73 80 29 15 31 40 18 33 
8
51 24 40 98 52 32 92 30 
4
21 73 7 57 
7
9 84 25 84 10 35 26 
6
56 4 81 58 53 72 
6
98 79 1 44 10 37 
8
75 29 39 85 18 96 15 29 
8
54 21 83 55 98 54 69 91 
7
16 45 44 36 97 42 46 
2
14 42 
3
86 32 73 
7
7 67 64 26 38 94 75 
10
19 41 22 50 9 39 61 26 36 26 
10
39 28 91 76 97 68 25 10 26 97 
5
88 46 41 65 73 
6
26 62 40 63 20 37 
3
64 27 65 
6
43 19 68 69 8 88 
9
99 25 83 53 8 62 98 35 75 
6
26 61 19 77 26 93 
10
33 42 21 16 82 20 85 96 51 99 
8
56 63 43 59 44 79 69 53 
6
89 90 49 5 53 73 
5
67 87 22 17 8 
3
50 70 48 
9
20 2 14 86 38 12 81 29 87 
6
91 38 78 88 70 9 
6
78 11 90 93 91 87 
9
24 47 89 73 3 39 22 12 65 
9
23 100 37 14 4 72 4 60 19 
10
28 53 8 85 5 73 95 10 25 22 
2
19 19 
7
51 40 92 19 86 73 90 
10
42 24 28 67 51 39 60 81 8 3 
3
20 29 94 
3
60 70 78 
8
55 6 34 40 73 78 64 40 
4
96 46 14 81 
5
14 89 11 89 99 
8
17 12 45 75 40 69 53 76 
5
67 2 21 6 60 
10
46 61 96 77 23 97 45 89 31 38 
5
75 73 22 77 11 
6
80 82 17 72 18 100 
3
63 46 91 
5
54 64 52 33 29 
8
37 48 26 65 13 82 25 78 
6
40 5 72 15 81 65 
6
63 30 44 1 42 61 
2
48 64 
4
19 32 64 27 
5
75 65 21 17 92 
6
98 52 51 35 92 94 
2
27 84 
5
35 26 14 79 36 
6
42 62 61 87 60 1 
5
87 94 52 85 85 
6
1 40 34 42 75 65 
7
95 76 90 16 100 56 58 
2
66 53 
2
64 36 
5
80 64 58 81 5 
5
66 73 70 91 80 
2
51 34 
10
39 82 89 72 71 83 60 50 7 58 
9
40 14 73 64 1 99 51 90 65 
4
44 18 63 8 
2
22 99 
9
81 96 42 83 18 32 44 29 72 
6
10 46 27 34 62 63 
2
67 67 
5
100 4 20 63 80 
10
8 60 24 30 2 78 38 57 52 33 
3
2 52 43 
4
34 80 52 21 
8
71 84 98 42 100 47 99 89 
4
56 73 21 43 
10
13 44 94 64 55 89 11 98 9 40 
10
60 24 38 17 46 97 38 76 26 30 
3
92 27 89 
9
47 45 5 16 16 88 83 13 60 
5
73 93 10 3 34 
2
93 80 
5
72 4 29 53 86 
5
27 52 29 70 91 
8
56 73 68 40 95 52 12 68 
3
37 26 18 
10
20 71 30 98 97 67 35 94 56 20 
5
63 79 9 14 26 
8
19 18 26 83 72 97 7 93 
4
28 53 89 68 
3
27 51 97 
4
96 30 3 7 
8
21 43 21 87 52 97 27 90 
7
35 3 2 28 32 93 65 
3
73 18 33 
9
67 6 55 18 98 21 44 55 53 
7
47 14 68 73 65 66 39 
7
81 33 91 11 3 84 48 
4
29 30 95 32 
3
93 22 40 
4
5 25 1 49 
9
1 73 23 31 19 68 62 40 65 
6
2 95 16 99 37 60 
3
79 6 33 
7
50 72 10 27 9 85 83 
2
82 68 
9
23 66 47 69 43 65 22 90 69 
6
7 35 42 65 100 79 
8
56 82 22 41 17 19 20 54 
9
81 37 46 3 66 94 34 16 14 
9
49 70 98 37 53 6 80 96 45 
7
60 88 34 19 66 32 5 
6
68 74 15 75 83 83 
8
67 92 48 29 82 28 15 68 
8
38 8 26 32 17 5 80 44 
7
17 38 100 16 54 93 31 
5
75 18 96 7 75 
2
77 62 
4
35 81 23 34 
3
27 75 7 
10
19 18 69 81 46 88 48 73 4 96 
4
61 28 40 18 
9
82 47 90 72 72 36 29 92 66 
6
2 43 44 17 14 40 
6
64 47 29 24 18 49 
6
32 47 43 3 16 64 
2
3 91 
2
30 99 
8
99 44 48 30 87 86 68 57 
5
57 34 64 95 45 
8
76 24 79 8 14 53 66 32 
2
48 88 
10
84 72 18 28 35 73 53 21 52 18 
5
12 44 77 45 69 
8
50 23 84 13 82 2 90 8 
8
29 86 97 10 54 32 86 15 
3
57 86 24 
10
63 49 58 48 60 69 68 18 51 11 
8
81 57 69 61 35 23 89 42 
4
36 10 87 47 
7
93 66 62 97 49 17 22 
5
99 79 80 1 21 
6
31 95 52 98 59 60 
9
98 29 7 5 98 99 67 21 37 
4
93 96 85 54 
4
48 12 50 15 
4
67 42 9 100 
9
66 91 48 46 63 58 42 88 25 
10
86 34 71 51 54 32 78 41 3 72 
3
31 36 65 
10
12 46 76 33 61 8 5 81 26 28 
10
13 70 88 44 44 29 8 55 74 81 
3
74 78 1 
10
84 99 92 85 50 75 28 91 52 83 
6
97 37 10 39 50 65 
7
25 21 93 87 21 26 5 
5
78 60 18 30 87 
9
60 65 59 77 37 66 42 71 68 
8
37 98 22 22 4 69 21 21 
8
83 74 17 61 56 29 49 8 
10
52 85 93 5 25 38 48 30 77 18 
6
52 10 89 18 73 68 
8
57 49 6 45 67 20 91 3 
