6 1
010100
4 3
1110
6 2
010101
8 5
01000010
4 9
1111
8 1
10110000
4 1
0110
3 5
100
4 4
1110
6 7
010011
7 5
0011111
4 11
1000
4 11
1001
2 5
11
4 2
1110
6 11
111111
2 2
11
6 11
001101
10 1
0001100001
9 9
000111101
4 2
1110
4 2
1101
5 11
11101
10 1
1000101110
6 1
011111
1 1
1
9 5
111101000
5 7
11111
7 11
1111110
9 3
001011010
5 9
01110
3 4
111
8 4
11000101
5 3
10010
4 1
1000
10 2
0111010011
5 7
01111
10 1
1111011011
9 2
101010110
2 4
11
10 3
1100010110
4 5
0011
9 1
101111010
2 1
01
8 7
10010001
3 2
110
4 3
1000
7 1
0111101
9 2
001101001
8 1
00111101
3 1
001
8 9
01001110
5 11
10011
8 7
10011000
3 9
011
4 1
1111
2 5
11
8 1
01011110
8 2
10111111
1 3
1
7 2
1010010
10 7
1001111010
2 2
11
2 3
11
3 2
011
6 1
101001
2 1
10
4 3
1010
3 9
011
4 11
1101
3 9
011
10 2
0101101001
6 2
010111
2 4
01
8 9
10010100
1 9
1
9 5
110010100
9 1
101111110
4 1
0110
8 1
01101101
9 1
110100101
2 3
10
1 7
1
4 9
1010
7 1
1010011
4 1
1001
1 1
1
7 7
1110001
9 7
111001001
5 3
10000
1 2
1
4 4
1001
1 1
1
5 1
11111
10 11
1010110101
2 2
11
4 11
0110
1 1
1
7 7
0101101
6 1
011011
8 7
01100000
8 9
11111111
3 7
100
5 11
10101
4 1
0110
10 1
1001111110
3 4
111
9 1
111100110
8 1
01101110
2 9
10
10 4
1100000010
2 4
11
4 9
1111
4 2
0110
10 3
0110000001
3 1
010
3 3
011
4 5
1100
3 4
010
8 1
10101010
10 7
0011000111
6 11
000111
3 1
011
10 5
0010100111
9 4
110100100
4 11
1111
3 5
111
4 3
1010
9 4
011011010
5 1
00110
4 1
1111
10 7
1011001111
3 7
010
3 3
101
7 3
1101010
1 4
1
8 1
11111110
8 1
01110011
4 1
0101
7 1
1110111
9 5
010000111
2 11
11
4 3
0110
6 11
100010
7 11
0010110
7 2
1000000
6 9
101111
5 7
11101
5 7
00011
3 9
101
6 1
100000
7 9
0011110
5 1
10101
8 11
10010111
1 1
1
1 1
1
3 1
110
5 1
01111
9 4
100000110
6 11
110111
5 5
00100
2 2
11
5 1
00010
10 1
1111101100
10 1
1100000001
5 4
01001
10 2
0000111010
4 1
0110
8 1
10111100
6 7
110111
4 7
1111
3 2
111
9 3
111011101
7 1
1000011
8 11
11101110
10 9
0010111000
8 1
01101111
4 1
0110
5 7
11111
2 9
11
5 11
11111
7 2
1111001
7 1
1101111
4 5
0111
9 1
001101101
5 1
11010
5 11
11110
4 1
1100
6 1
101110
10 2
1110011111
6 1
001001
7 9
1101100
10 7
1101010101
6 1
000011
4 1
0011
9 7
100101100
10 4
0111010110
9 5
100010101
10 9
1011100110
6 1
101011
6 2
111001
1 2
1
1 1
1
6 7
111101
6 9
101110
7 1
1011110
1 4
1
5 3
00001
2 1
10
3 5
110
9 1
101001100
2 5
10
5 1
00011
9 5
010111011
6 4
110111
9 9
100110111
2 7
11
1 2
1
8 3
01101000
1 9
1
9 11
111001101
7 1
1011000
2 5
01
9 2
001011011
8 9
01011111
3 2
110
7 1
1101100
6 5
101101
7 1
1101010
9 4
010100101
5 2
11001
3 3
110
4 5
1110
6 9
100101
5 1
11001
7 1
1000011
8 3
00110001
2 4
01
2 3
10
10 4
1010001011
10 1
1010100001
5 2
11100
10 9
1110101101
3 1
011
6 5
100101
5 4
11111
8 1
11100101
1 2
1
8 5
00110110
8 1
01001000
10 2
0111101101
9 3
111011100
4 1
1100
6 1
001000
1 4
1
2 5
10
10 9
1100101110
7 1
1101101
2 5
11
9 4
010111110
3 2
101
10 7
1101101100
1 1
1
7 1
1101101
6 1
010011
7 2
1001100
7 7
1100001
6 1
011100
9 4
011100000
10 1
1101010101
5 2
11111
3 4
111
2 3
11
7 4
1110011
8 9
01011110
7 4
0110001
3 1
110
8 4
11111010
8 9
10111001
9 4
000111111
7 4
1111111
4 1
1111
8 11
11001010
10 9
1111111010
4 2
1110
5 9
01011
1 1
1
2 11
01
10 7
0010110001
3 2
011
9 1
011101101
10 1
0010010110
8 3
00011110
6 11
101010
7 7
1111100
8 11
11000110
2 1
11
10 3
1101010111
1 4
1
2 2
10
1 1
1
5 1
01110
8 1
10010010
5 3
01011
3 2
100
1 4
1
7 1
1010111
2 1
01
4 7
0110
5 3
10101
6 2
011111
3 4
101
1 7
1
3 1
111
8 9
10001111
2 3
11
10 2
1010100011
8 1
10100001
2 2
01
8 1
11001010
7 1
1111110
5 1
01010
10 11
1110011010
7 3
0111001
4 1
1110
1 11
1
5 5
00110
4 2
1110
4 2
1100
5 9
10111
10 11
1111110010
4 2
1011
6 4
111001
9 3
101001000
9 1
101000110
5 5
11011
5 3
00011
6 2
111101
7 1
0110010
10 7
1100010111
4 11
1101
8 5
11010110
7 7
0011111
1 4
1
2 9
11
7 1
0011110
7 1
0001110
8 1
10011111
6 9
111100
9 5
111100010
6 4
010111
4 4
0100
5 2
11101
6 1
111011
5 5
00110
2 1
01
4 5
0001
10 1
1010010110
8 11
01100101
7 7
0001010
6 11
100100
9 7
100110100
10 4
1101110101
2 1
11
4 4
1100
10 7
0001101101
4 5
1101
1 11
1
5 1
00010
1 1
1
4 4
0101
7 5
1110100
4 2
0101
2 1
01
10 1
1101111100
5 1
11001
4 9
1111
3 9
011
2 2
01
10 1
1101011011
10 1
1101001001
2 7
01
5 1
11011
9 1
111000000
7 11
1111000
2 4
11
10 2
0100101001
1 1
1
2 2
11
7 1
0101101
10 1
0101101100
4 1
0110
8 2
10011111
9 2
101011111
1 1
1
5 7
01011
10 2
0110011100
10 7
1100101110
9 9
111011010
6 4
011011
1 7
1
4 9
0101
6 4
011011
5 1
00101
6 1
011110
3 3
111
1 9
1
3 3
110
7 2
1100100
5 1
10101
1 7
1
5 9
11101
10 7
1100101010
3 1
011
3 9
111
9 4
011011100
3 11
101
9 2
101101110
5 4
10100
4 1
1000
7 5
1011111
9 9
010101010
9 7
011010100
5 9
10100
4 1
0001
5 7
11010
8 9
00110010
3 5
110
4 7
1100
5 9
00011
3 7
111
7 9
1000111
4 7
1101
10 11
1110100100
9 1
011110111
2 1
11
1 3
1
4 11
1001
7 1
1010000
7 9
0011011
3 11
111
8 4
01101000
9 1
010010010
9 1
110111111
3 11
101
4 11
1101
7 3
0010000
6 1
001110
4 11
1100
9 4
101011011
3 7
110
3 1
110
1 11
1
8 9
01001011
2 1
11
9 1
111001101
2 1
11
5 1
10011
9 2
110001011
3 5
111
9 1
101100000
7 9
1010011
3 11
101
4 9
1011
2 2
01
2 4
11
9 5
111101100
8 1
01010100
4 1
0111
9 4
101110010
3 7
101
4 5
1111
6 5
001010
6 1
101010
5 1
10110
1 1
1
2 1
11
3 1
101
5 1
00101
8 11
00111110
6 3
111111
8 4
01101001
1 2
1
4 4
1111
10 5
1011100001
9 4
001010010
5 2
01110
6 5
101010
8 4
01011111
3 9
010
1 5
1
9 1
101010111
5 2
10010
4 2
1011
5 4
01101
6 4
110011
10 11
0101111111
4 1
1001
4 4
1001
3 9
011
5 2
11101
5 9
10010
1 9
1
1 1
1
6 1
110001
3 4
111
5 1
10001
3 2
111
9 11
110001000
2 7
10
4 2
1000
6 1
011010
8 7
01111011
1 2
1
1 3
1
1 1
1
2 1
11
8 5
10110111
5 3
10101
8 1
10111010
4 11
1011
10 3
1000111100
2 4
11
10 11
0001011011
8 3
00001010
8 1
11010110
7 2
1110000
6 1
001101
2 1
11
2 1
11
2 5
11
7 4
1100101
6 5
100100
4 1
1111
4 1
0011
4 2
1111
7 7
0111110
3 1
110
6 9
011111
2 2
11
8 3
11110010
5 2
00111
2 1
11
10 7
1001011011
4 1
1110
10 2
1101010111
3 11
101
10 7
1000101101
9 5
010001111
8 1
11111011
10 1
1000010101
1 1
1
10 2
1001010011
5 11
01011
8 1
00111011
1 5
1
6 5
100001
5 5
00101
3 1
110
8 1
11101011
7 1
0111001
10 2
0111111101
7 2
1110100
8 5
01110010
9 1
101011111
3 9
111
1 2
1
7 4
0011001
9 7
010110111
4 11
0001
6 7
001101
10 7
1110000000
9 1
101100110
8 7
11001111
3 7
011
7 3
0010111
3 1
100
2 1
11
1 3
1
1 11
1
4 9
1001
3 2
111
6 1
111111
5 1
00111
8 11
01110011
10 4
1011011011
4 1
1111
6 9
100111
3 1
111
9 3
101010101
5 1
10110
5 1
11111
7 4
1110000
1 11
1
1 11
1
8 9
10000100
5 4
10011
4 1
0110
6 7
111111
4 4
0100
6 5
001000
6 1
111011
2 1
11
5 2
00011
7 4
1100000
7 1
0010001
9 7
011111110
9 2
100111001
9 11
001111100
1 5
1
5 1
11101
3 1
100
1 9
1
8 7
11010001
1 11
1
2 3
11
4 11
1011
2 11
10
10 3
0101110110
4 1
1111
1 1
1
6 2
010011
5 9
11001
8 2
00010111
5 3
10100
2 1
01
6 9
100111
3 4
101
9 11
011011000
2 2
11
10 9
1010010110
1 9
1
8 9
11101110
7 5
1111010
10 9
1101011111
6 3
111000
9 7
110100010
5 4
11100
2 1
11
4 5
0110
5 3
00111
9 11
110011110
9 1
111001001
9 1
010001011
9 1
101000011
9 2
000110100
2 5
10
10 7
1110111111
4 11
1101
2 1
10
1 1
1
3 3
011
2 7
11
8 1
11000101
4 3
1111
1 2
1
5 2
01110
7 1
1100111
3 5
001
4 7
1100
1 1
1
3 4
010
9 9
101001001
8 2
01010110
7 4
0100111
8 9
00000110
7 9
0111001
5 1
01111
1 3
1
5 2
11100
10 5
0101010001
3 7
101
3 2
011
6 3
110101
5 5
11000
5 3
01010
2 2
11
9 5
011110010
7 11
0111111
7 3
1101010
4 2
1110
8 3
11011001
7 5
0111111
2 11
11
9 5
111111100
9 1
010011100
9 7
111001001
9 9
011100110
4 7
1000
1 1
1
8 1
00100111
3 9
100
2 9
11
2 1
11
8 2
01111010
8 3
11011111
7 2
1110111
7 9
0111010
2 7
01
7 5
1100011
3 11
111
3 3
010
3 3
111
4 3
1011
2 4
01
10 1
0101101010
3 1
111
3 1
101
2 5
11
4 1
1111
9 1
110111011
5 9
10011
4 2
1111
2 5
10
2 3
11
1 7
1
2 7
11
7 1
1010101
2 4
11
9 1
010110100
10 1
1101110111
5 7
11001
4 4
0011
7 9
0001000
7 1
0011111
1 2
1
5 2
00001
4 1
1110
10 3
1101000111
7 1
1011011
9 7
100100010
6 1
100100
1 3
1
3 2
011
5 1
11011
8 1
10101001
6 1
001111
1 1
1
8 1
01101100
1 1
1
1 2
1
5 9
01101
10 1
0000011110
2 7
01
8 7
10110001
10 1
1111100111
3 1
110
3 1
100
4 1
0010
4 5
0010
7 7
1111101
1 4
1
10 3
1111100000
7 11
1001000
5 2
11011
6 7
000110
6 9
101001
5 9
01101
9 9
111110001
2 2
10
6 5
010110
4 7
1001
7 3
1010011
10 5
1110010111
2 5
11
1 5
1
4 4
0111
3 5
111
9 7
101001001
2 4
11
7 11
0101100
9 7
101111110
9 1
101000100
10 1
1111110011
4 1
1111
10 3
0000110001
6 3
000111
5 9
01010
10 3
0100111001
1 1
1
7 1
0010101
4 5
1011
6 2
000110
4 11
1111
8 3
00110010
2 1
10
1 11
1
8 9
10001101
2 11
11
1 1
1
3 5
011
8 3
10100100
9 7
100111010
10 1
1011111110
3 1
110
10 1
0111111001
9 7
111011111
9 11
100001001
8 11
00111110
9 2
100000001
10 5
0110100010
7 3
0000011
10 1
1011000000
5 1
11010
9 11
001110010
4 4
0100
9 1
000101111
6 1
100111
4 11
0011
4 4
1001
6 4
001101
1 7
1
3 2
101
5 2
00111
8 1
11011100
9 5
001010101
7 5
1100000
1 1
1
4 9
0011
7 2
1100110
6 2
010010
1 1
1
7 7
1101000
4 7
1111
9 4
100001111
1 4
1
3 1
001
2 3
11
6 1
111011
3 1
011
3 9
110
8 1
10101011
1 1
1
9 3
101011010
1 7
1
1 3
1
3 5
110
1 9
1
4 5
1101
10 11
1101010100
8 9
10011111
9 4
001000011
3 1
011
10 4
1010011011
2 1
11
7 7
0110011
10 1
0110000000
4 5
1010
8 11
01000001
2 1
01
10 9
1010110110
7 1
1111100
10 9
1110101010
10 1
0101010111
8 11
10000111
7 11
1001010
10 3
1100100101
3 7
011
6 9
111101
7 9
0001101
4 1
1111
9 7
101011000
5 4
11100
3 11
100
7 9
1010101
4 1
0100
8 4
11000001
5 5
11011
6 2
011001
3 7
101
1 5
1
1 9
1
6 4
111101
6 5
111010
3 2
101
5 1
01110
10 4
0101111101
8 3
00011010
8 1
01011111
8 11
10110111
3 1
110
8 2
01011010
5 2
11011
2 3
11
8 3
00100101
2 2
11
3 1
100
6 5
010010
2 5
11
6 2
110011
6 11
111101
7 11
1101101
4 4
1101
9 1
110001101
3 5
011
2 9
11
8 1
10001100
6 9
001100
7 4
1011111
7 1
0101011
6 4
011010
5 7
01101
1 1
1
9 1
100110111
4 1
0111
9 1
110000011
5 11
01110
10 1
1011011110
7 5
0111011
2 9
10
10 1
0001101010
4 1
1111
5 5
11111
4 1
0011
7 7
1001010
8 5
00001001
10 7
0111110100
6 7
010111
8 1
00010111
3 7
100
9 4
110010011
10 11
1101001100
4 2
1110
8 9
11101010
10 1
1100010100
9 4
110101011
3 1
011
8 4
11100101
5 11
11101
1 5
1
8 2
00001101
5 7
10101
7 4
1001101
3 4
101
10 9
1100011101
4 1
0111
10 1
0110110011
1 2
1
7 4
1101011
2 1
11
5 1
11010
3 7
100
2 7
01
8 1
01011110
4 4
1110
4 1
1001
2 1
11
7 7
0110011
7 11
1001100
10 5
1011111110
10 11
0001101011
6 1
110100
3 4
101
4 1
1111
2 9
11
3 7
111
4 9
1011
3 1
101
2 7
10
5 1
10111
2 1
10
3 1
111
3 1
001
2 9
11
1 7
1
4 11
0011
6 9
000101
6 3
001101
2 1
01
1 1
1
6 4
010110
9 9
010010101
7 9
1100110
3 7
011
4 1
0111
9 9
111111010
3 3
100
2 9
10
6 2
010010
9 7
111000100
6 5
010100
1 5
1
8 2
11001010
7 5
0011110
4 1
1100
8 7
00010001
1 5
1
8 5
10011101
6 7
111101
5 3
01101
8 5
10111101
9 7
011100110
10 1
1011111101
5 3
10001
6 11
110001
5 4
01011
10 4
1000110100
8 3
00111111
3 9
011
3 7
110
3 2
001
9 11
111110011
8 2
10000110
4 1
0111
3 1
100
2 5
01
8 1
11100101
2 7
11
6 5
101000
6 2
010111
9 3
110100111
10 11
0111100110
3 1
110
5 7
01111
6 1
101011
10 7
1001011011
6 9
100010
3 1
001
8 1
00010000
4 4
1111
9 2
111001001
1 3
1
7 2
0101010
2 3
11
1 11
1
3 1
110
7 1
0100000
4 9
1110
6 2
111011
10 4
1110001110
2 1
01
7 9
1100010
6 1
110000
3 11
111
1 2
1
5 1
11111
8 1
00011001
8 5
01110101
5 4
00110
9 11
100010011
4 4
1001
5 11
11001
7 1
0111111
4 2
1111
3 1
111
7 5
0010111
3 5
100
1 1
1
9 9
000111110
5 1
10110
7 7
1010101
1 7
1
6 1
111110
5 5
10100
7 1
0010010
1 4
1
10 1
1110011111
2 11
01
8 1
11100011
9 1
101011100
8 5
01101001
8 1
10010010
7 1
0111111
4 11
1100
1 11
1
3 5
010
10 1
1101111011
1 1
1
10 3
1001110011
1 11
1
2 3
11
5 2
10101
7 5
1110111
8 1
10000110
6 2
010110
7 1
1001110
9 4
100011111
9 2
010100010
6 4
011011
7 2
1011010
9 3
001101100
6 3
011111
9 1
110100110
7 7
0110101
9 1
101001110
1 9
1
4 5
1111
8 9
10111110
3 4
110
4 9
0101
2 9
11
8 4
11011110
2 7
11
3 5
111
7 9
1110101
6 4
101110
4 1
0110
8 1
11011011
3 2
111
1 1
1
5 4
11100
5 11
01101
3 2
011
9 2
100100111
6 1
111111
7 1
1001011
4 1
0111
1 5
1
1 7
1
6 1
010111
3 4
110
7 11
0100010
4 1
0110
4 3
1111
9 9
010101111
5 11
10010
6 1
110011
3 3
100
6 9
111000
10 11
0101001110
7 9
1010111
7 7
1111010
10 5
0100101111
3 11
110
1 1
1
1 11
1
8 1
01011100
3 1
100
1 3
1
1 4
1
9 1
100111001
7 1
0111100
1 4
1
10 1
0000011111
10 5
1100010011
7 9
0101110
9 7
111101010
9 11
110101010
9 1
001100101
4 7
1001
10 4
0100111011
4 1
1101
7 5
0101111
9 9
111101110
6 2
001011
3 11
111
1 3
1
3 1
010
5 1
11010
7 1
1111101
9 9
000111110
1 3
1
2 5
01
3 9
101
8 4
01011000
10 4
0010111100
3 11
001
7 3
1010011
6 1
101101
3 2
011
10 5
1101011110
6 9
110101
4 7
1011
8 4
10100111
4 11
0110
6 1
001001
5 9
00011
2 1
01
3 3
010
5 4
11100
5 1
11100
6 7
011101
3 1
100
8 3
10100010
9 5
010100110
5 2
11101
1 3
1
7 9
0110101
8 1
11000110
8 1
01111100
7 11
1101011
7 5
1111011
1 1
1
5 1
01111
1 5
1
6 1
001101
10 9
1111111001
3 5
011
2 9
11
5 11
11011
2 5
10
5 1
10001
1 3
1
9 7
001111011
2 3
11
2 2
10
4 1
1110
3 1
010
6 9
111011
3 2
111
2 9
11
3 7
101
2 3
11
5 9
00111
6 9
111010
8 5
11101101
5 7
11000
5 5
10111
7 9
0010010
8 2
00001011
2 4
10
10 1
0100111110
9 7
101010111
7 5
0001110
8 7
10101000
6 3
011110
6 1
011100
3 1
001
6 1
110010
8 2
10001010
10 11
1110110110
10 1
0101011101
8 5
11101010
1 1
1
4 1
1000
2 4
01
4 5
1101
6 11
011110
3 5
111
9 1
011011111
3 9
011
8 7
11100110
7 3
1010111
6 7
011011
4 5
1101
3 11
110
6 1
000100
3 1
111
2 4
11
6 5
110011
8 11
10001100
4 1
1101
4 11
1000
3 2
100
9 1
111000110
1 5
1
8 7
01001001
1 1
1
8 11
01111110
8 2
01111111
2 3
11
7 5
0110110
9 9
110100101
4 2
0100
5 3
10110
8 4
10101111
3 3
111
10 1
0111101110
6 9
100101
6 1
001010
6 7
001111
6 1
001000
9 4
111101001
6 1
000111
10 3
1001010111
7 3
1111010
1 7
1
10 1
1100111011
2 2
10
8 4
00011110
7 1
1111000
9 7
011000111
6 1
010100
8 2
11110100
6 3
001101
2 9
01
3 1
111
7 2
1010110
7 11
1110101
10 1
0101001011
9 1
111011100
4 4
0001
8 2
10101101
6 9
110010
10 1
1001010111
5 2
00101
7 5
0011011
8 1
10100110
10 1
0111101010
10 1
0110110111
5 1
10100
7 1
1101110
9 9
001110010
3 3
001
5 7
00111
2 1
01
6 1
011011
4 3
0101
10 7
0001101001
2 1
01
8 1
11010000
5 7
01101
6 1
110001
4 9
1100
1 5
1
4 11
1010
1 9
1
7 9
0111111
9 1
111001000
3 3
101
2 11
11
4 2
1100
2 1
10
7 2
1101110
4 1
0110
8 1
01100111
7 5
0001101
6 1
011110
2 9
10
7 7
0111100
5 3
11001
4 1
1001
7 1
0111001
10 2
1111111100
9 1
101000010
8 11
01110111
5 4
11010
8 1
10110010
3 2
011
10 1
1100001001
5 1
11011
1 2
1
4 1
0111
9 1
101111110
8 4
00010100
9 2
001110011
9 1
111101101
9 1
010011110
2 2
11
1 3
1
8 1
00111010
1 2
1
1 1
1
9 1
011010110
9 7
111000001
9 4
111111001
6 4
011111
2 3
10
1 1
1
1 11
1
8 1
01100101
9 11
100011111
4 1
1111
10 1
0100111001
10 3
1111100000
5 4
00111
8 3
11111101
10 3
0110001111
9 4
111000011
7 1
1011000
4 1
1101
6 7
010011
7 3
0001001
6 4
010110
4 7
1100
4 7
1011
8 2
01100001
6 1
011010
8 7
11001111
5 1
10010
9 4
011001011
8 5
01011101
7 11
1101011
1 1
1
1 9
1
9 4
111011100
1 9
1
8 4
00111111
3 2
011
6 9
101111
4 1
0001
7 3
0111110
2 9
10
10 3
1111000000
5 5
10111
8 11
10101010
9 1
000110110
1 1
1
4 9
1100
1 1
1
1 1
1
2 5
01
3 7
001
2 3
10
8 9
01111111
7 1
0111100
7 4
0000101
7 9
1011111
4 3
1010
1 4
1
2 1
11
6 5
000111
5 1
10101
2 9
11
4 11
0101
9 11
110110011
10 5
1010011010
10 9
0101001000
10 7
1100110110
8 1
01001111
8 3
00010111
2 9
01
8 5
01011111
6 3
110011
10 3
1100101110
10 5
1111101011
2 3
10
5 11
01001
4 3
1111
5 1
10010
3 11
011
7 1
0010001
9 5
100111111
7 1
1001110
9 9
101011111
10 9
1111110010
10 9
0011101100
3 1
110
10 3
0110011100
10 1
1110110111
3 5
101
8 4
11111110
3 1
111
10 5
1000011010
10 5
0111011011
2 9
01
8 9
11001111
7 9
1100111
2 9
11
3 1
111
10 3
1001111001
2 7
11
3 1
111
6 2
111011
5 2
10110
1 3
1
1 3
1
9 3
001101110
7 1
1101111
6 3
111011
10 2
0101000110
1 7
1
5 5
11000
4 9
1001
1 1
1
3 7
001
7 9
1111100
6 11
010110
9 11
001001101
4 1
1100
1 5
1
8 2
11001011
2 11
11
2 1
11
3 1
111
9 3
110001110
1 5
1
6 1
010110
2 11
01
3 2
001
7 2
0100111
8 4
11111000
2 9
11
4 2
1101
10 5
1111111011
2 3
01
7 5
0001101
10 1
0001101000
9 11
101000110
9 3
101011011
2 5
01
3 1
111
7 5
1001000
6 9
010101
2 11
11
4 9
1110
2 5
11
1 4
1
7 1
0100111
3 1
111
9 1
101010001
10 3
1000100101
1 1
1
7 1
1010011
9 1
111011011
4 1
0101
2 4
01
7 9
0111111
2 5
11
3 9
111
8 3
11111010
2 9
01
1 4
1
4 1
1111
6 1
111111
1 1
1
3 3
001
4 4
0111
7 4
1010111
8 4
10011100
2 1
11
6 1
010011
7 9
1110001
3 9
101
9 1
000001101
8 1
00100101
8 11
00011111
1 11
1
1 1
1
9 5
101011111
4 11
1111
4 1
1111
10 3
0111011111
9 11
100101101
7 1
1111010
10 1
0100100000
1 1
1
6 1
101101
6 1
111111
10 2
0100111111
4 1
1111
5 7
01111
6 9
010001
3 2
110
10 9
1100001001
1 1
1
7 9
0000100
5 2
11100
8 1
11010101
8 4
01011111
5 9
11011
7 7
0110010
8 1
11011111
10 1
0001011110
8 11
10011111
1 1
1
1 11
1
10 1
1110100011
4 11
1000
3 4
011
4 1
1001
8 1
11011100
6 4
110010
7 3
1110001
8 3
11001111
1 1
1
7 4
1011101
3 11
001
1 5
1
4 1
1001
5 3
01111
1 5
1
4 4
1011
8 3
10111100
10 7
1111011010
8 1
10110011
2 2
10
7 7
1101001
7 11
1001001
10 1
1001100110
5 5
01000
8 4
00111001
4 11
1011
10 2
0010110100
6 3
110111
3 4
101
5 1
10101
9 2
111011101
5 4
11011
10 3
0100000011
10 4
1100100000
2 5
11
9 7
110010011
7 1
0101101
6 4
100001
5 7
11000
9 2
101110101
6 9
011001
4 7
0011
7 1
1110110
1 11
1
10 4
1110011111
9 5
011111000
8 4
10101110
4 1
0101
7 7
1110010
3 1
101
5 1
01000
3 1
001
4 11
1111
5 2
00111
4 2
0011
8 11
01000001
6 11
111101
8 1
10000001
7 2
1111101
8 7
00101111
4 1
1110
10 1
0101111000
3 2
100
8 2
01101110
7 1
1111011
1 1
1
2 3
01
2 11
11
6 11
011010
8 3
00011111
1 11
1
3 9
101
4 3
1001
1 1
1
2 1
01
6 5
100111
4 4
1011
2 2
10
2 4
01
7 3
1100010
6 7
111001
4 5
1110
2 11
10
3 3
100
7 11
1101111
7 1
1110111
1 5
1
7 9
1101011
10 5
1111110111
7 2
1100000
7 3
0011010
5 1
11101
9 5
111001110
3 1
100
7 9
1011111
2 11
01
2 1
10
7 7
0111001
9 11
100010111
3 5
001
2 5
11
3 5
101
1 4
1
4 11
1111
3 1
011
10 3
0111011011
9 2
111111011
3 4
111
2 2
10
8 4
01001010
7 1
1011110
6 7
110111
8 11
01010111
9 7
010110000
3 11
111
6 7
101010
2 11
11
10 7
0011101110
4 2
0101
8 1
10111111
1 11
1
3 7
001
8 7
10001001
1 1
1
1 5
1
10 7
1111100011
6 3
100111
9 2
001001010
3 7
011
2 1
11
7 7
1010010
2 2
11
8 3
10110011
3 1
010
2 11
10
2 7
01
5 7
10010
1 4
1
2 9
11
10 11
1111000111
7 11
1010001
5 1
10111
1 2
1
1 4
1
1 1
1
6 5
110111
2 1
11
10 1
1101111111
4 11
0001
2 3
11
5 5
11111
9 11
000111110
10 9
1001101111
8 2
01111011
4 3
1110
6 1
011110
8 5
11101010
9 1
011111101
5 5
11101
2 1
11
1 9
1
6 9
111101
2 1
11
4 3
1001
10 2
0001001101
1 3
1
3 1
001
1 5
1
6 7
111000
8 11
11001010
8 1
00110101
2 3
10
8 1
01101110
9 1
011010010
6 3
111011
7 1
0110010
6 5
010010
1 9
1
3 1
100
10 7
0111010010
3 1
111
10 1
0100001010
3 5
111
3 11
101
3 4
001
3 2
110
8 1
11100000
6 2
101011
2 5
01
6 4
111011
8 3
10110001
1 4
1
3 1
111
3 9
101
6 1
011110
2 5
11
1 4
1
7 2
1111010
4 1
0101
9 9
011110110
10 11
0111111100
2 3
11
10 1
0011001101
8 9
01010011
3 9
100
8 11
11111101
8 1
10011011
10 9
1110111101
9 7
111000111
3 7
111
4 1
1100
8 11
01010000
9 7
000101000
10 3
0000011011
2 3
01
1 1
1
2 1
11
4 4
1111
6 1
111101
8 1
01011101
9 7
110111010
9 5
100110101
9 11
001110101
3 3
001
1 1
1
3 5
001
3 4
111
2 7
01
8 1
11001011
4 11
1100
6 4
011110
4 1
0010
1 9
1
6 9
101110
4 3
0011
4 2
0011
10 5
0110001010
6 1
101011
9 3
101010001
1 1
1
3 1
011
3 7
010
5 2
10110
7 3
1111011
2 11
11
9 3
100100110
4 1
1101
1 4
1
5 1
01100
8 1
10110110
3 1
001
8 2
10011111
9 1
111101011
4 11
0010
2 2
11
4 5
0100
4 1
0101
8 7
10100110
1 2
1
4 3
1011
3 1
100
4 5
0010
4 1
1011
2 4
11
3 1
001
10 1
1111011111
1 5
1
9 4
010101011
5 5
00010
7 1
1010111
7 3
0101010
4 5
0101
6 2
101111
7 1
1110100
2 11
11
5 2
11111
1 7
1
5 1
01011
5 1
10101
5 11
11111
4 9
0101
1 1
1
1 11
1
5 1
10000
4 11
0110
9 3
000110100
4 9
0110
10 9
1001010101
10 7
0111011011
3 3
101
2 9
10
2 1
10
3 2
111
8 4
01101011
4 1
1010
9 4
011111000
6 4
110111
9 1
010100111
9 5
100011101
6 5
101011
1 2
1
9 1
101111101
3 11
001
6 2
101001
8 3
01110111
5 1
01101
1 11
1
10 3
1010111011
8 2
00011011
7 1
1010111
9 3
101101010
3 1
111
5 1
10010
5 11
11000
7 2
0111110
3 4
110
2 2
10
10 7
1010011111
8 1
00010110
8 3
00110010
10 4
1100100101
8 1
11111001
2 1
11
7 4
0001010
8 11
11111010
2 5
11
8 9
10100111
5 7
11011
4 7
1110
4 4
1111
1 5
1
7 1
1101010
1 4
1
8 5
11110011
5 1
11111
4 11
1011
10 3
1110100111
9 5
111110001
6 7
101100
8 5
10101000
8 7
00100001
5 4
10011
3 5
111
3 11
100
10 1
0000101011
8 9
00110011
3 4
010
2 1
11
3 5
001
7 1
1101111
8 1
00111011
8 5
11101000
4 1
1001
4 2
1101
5 2
10010
2 1
10
9 9
000101011
3 9
011
4 1
1111
6 3
101001
3 1
101
5 11
00111
3 4
100
5 1
01010
3 7
110
4 1
1001
4 7
1111
6 5
101111
8 5
10011111
10 5
0101000111
9 1
001010111
5 7
01111
3 4
110
4 11
1010
7 1
1011100
1 3
1
9 5
101010011
6 11
011110
8 4
11110111
9 11
000000111
5 5
00110
2 2
11
10 3
0000010000
7 1
0011101
1 1
1
3 1
111
5 7
01100
7 2
0101110
4 9
0110
4 11
1111
5 4
10001
8 5
11111001
9 5
111011010
5 1
01001
6 11
111111
7 4
1000101
5 7
11110
9 7
001110010
8 11
00011111
9 9
101000110
5 9
10111
1 4
1
10 4
0011110000
1 7
1
5 1
00010
6 7
110111
10 4
0011100101
3 3
011
10 11
1101101101
8 3
01011101
2 9
11
10 3
1011111101
10 3
1000000010
5 2
10001
6 2
011100
7 11
1001010
10 1
0000111100
9 2
110110010
6 1
100111
8 9
00010010
2 11
11
1 11
1
4 5
1111
10 4
1110010111
2 5
10
9 1
100010001
8 3
01100011
5 1
01001
1 5
1
3 11
101
1 2
1
2 11
11
9 9
100101100
6 11
001100
7 9
1011110
10 4
1111011001
8 2
00010111
1 2
1
2 1
01
9 1
010000001
1 2
1
8 4
00111010
10 11
1010100001
10 4
0100010110
7 5
1111101
4 7
0100
3 11
011
10 5
0000110111
1 1
1
4 1
0100
4 1
1111
9 5
001010110
6 4
100110
