30 200
1 2 19
1 3 18
3 4 9
1 5 2
1 6 2
2 7 15
1 8 12
1 9 17
2 10 16
5 11 3
2 12 19
1 13 18
4 14 12
12 15 17
7 16 1
11 17 14
2 18 15
17 19 4
11 20 18
16 21 18
18 22 6
11 23 15
18 24 2
13 25 10
25 26 15
3 27 11
15 28 16
14 29 14
19 30 7
8 29 19
1 3 1
11 8 1
3 21 2
2 30 16
12 27 3
6 21 9
16 1 3
11 16 13
3 8 14
5 10 10
2 5 13
30 9 10
25 28 11
11 13 10
17 20 2
22 9 10
26 30 8
18 14 9
27 6 1
26 12 11
13 27 20
5 23 7
16 27 7
15 26 17
18 10 10
11 5 15
27 23 11
15 2 18
7 8 11
9 30 7
4 10 16
30 21 10
26 24 1
5 2 4
3 13 9
20 29 8
16 8 15
13 24 1
28 19 16
20 18 15
12 7 15
26 16 17
6 15 14
10 22 10
16 23 20
24 11 17
12 21 10
25 23 8
25 29 16
24 5 7
20 29 15
14 12 13
20 17 7
6 17 11
14 8 3
15 1 1
13 9 17
19 4 9
7 10 5
29 12 10
27 10 17
21 25 10
17 24 6
5 27 1
1 18 12
15 11 8
29 7 12
2 17 4
24 2 4
7 11 15
20 6 11
11 14 7
28 26 12
18 26 4
27 11 8
27 1 12
2 16 3
4 13 17
2 14 15
20 12 3
18 10 11
20 1 1
16 13 20
7 9 14
12 10 12
13 23 3
26 30 8
19 28 4
24 17 1
19 10 5
17 6 1
27 19 12
18 2 3
15 26 6
19 25 20
16 7 9
18 13 8
5 15 11
9 25 2
23 11 16
30 12 18
22 12 5
3 28 1
16 30 18
2 9 9
21 8 20
21 20 8
15 21 3
28 27 17
21 9 15
1 11 4
13 21 3
24 20 3
11 18 8
3 5 1
16 27 3
19 2 18
17 16 5
16 26 1
29 6 2
17 14 17
23 12 20
25 13 11
24 9 4
11 29 8
14 25 7
27 6 15
13 27 6
8 4 11
29 15 15
29 20 8
27 10 8
25 29 10
5 30 10
15 3 14
6 11 5
27 28 9
9 30 15
16 5 9
12 17 17
1 14 2
26 19 9
10 18 10
2 7 3
10 29 10
11 12 19
25 20 14
18 6 12
28 8 5
20 19 3
16 22 16
2 21 18
15 1 13
19 25 13
13 25 18
18 14 10
20 4 12
22 8 9
3 23 18
15 5 20
16 30 7
26 10 3
17 18 5
19 23 16
16 5 6
20 18 19
15 2 1
22 30 17
6 1 14
10 27 16
28 24 20
23 19 4
30 25 11
23 25 9
1 19 17
12 4 1
14 22 3
14 26 3
26 27 2
17 23 12
14 29 17
26 20 4
20 16 9
9 12 17
19 16 17
24 27 16
17 13 19
5 10 13
9 12 3
29 11 5
9 15 18
11 29 3
23 24 18
27 22 8
7 4 6
4 9 12
13 21 16
19 30 2
9 10 3
