1000
3 8
1 2 70
1 2 59
1 2 6
2 3 28
2 3 96
2 3 37
1 2 3
1 2 83
3 7
2 3 48
1 3 39
1 2 68
2 3 95
2 3 23
1 3 65
1 3 54
10 8
2 5 58
8 9 24
2 9 79
3 7 91
1 3 7
1 7 65
6 9 6
1 8 71
2 7
1 2 49
1 2 85
1 2 41
1 2 32
1 2 40
1 2 38
1 2 83
11 2
5 7 40
3 6 31
9 7
3 4 22
5 9 73
6 7 78
2 4 13
2 4 62
4 7 68
4 8 32
4 1
1 3 25
8 1
1 4 8
9 8
2 3 84
6 7 10
3 7 89
3 6 7
6 8 69
1 9 63
3 9 60
2 4 49
5 6
2 4 51
1 2 75
1 2 22
4 5 69
2 5 35
4 5 19
10 1
2 9 68
10 4
2 9 8
1 2 18
2 4 10
7 10 52
2 10
1 2 99
1 2 9
1 2 90
1 2 86
1 2 24
1 2 4
1 2 59
1 2 97
1 2 90
1 2 58
4 3
2 3 39
2 4 58
3 4 16
10 7
2 4 35
3 5 29
2 7 87
3 6 70
3 5 17
2 5 23
2 6 100
9 7
2 7 76
1 3 11
6 7 62
1 3 90
1 9 3
2 8 86
3 8 18
9 3
2 9 55
6 9 77
1 2 93
7 6
2 5 42
2 7 61
4 5 40
2 6 97
2 7 50
1 2 50
5 6
1 3 87
1 2 83
1 4 15
1 2 72
2 5 14
1 3 54
4 9
1 4 14
1 3 59
2 3 82
1 2 23
2 3 36
2 3 67
1 4 93
1 4 25
3 4 46
11 7
5 9 23
2 10 88
6 10 92
6 7 78
4 6 25
5 9 73
4 8 71
9 8
2 4 74
4 6 69
2 3 3
3 7 28
4 6 28
7 9 25
5 8 62
4 7 33
7 4
4 7 93
3 4 87
3 6 88
3 5 75
2 1
1 2 12
2 7
1 2 51
1 2 96
1 2 26
1 2 59
1 2 67
1 2 52
1 2 65
11 3
7 9 61
1 2 58
6 7 77
9 4
5 7 10
7 8 66
2 5 75
4 7 30
10 4
1 10 63
4 10 38
2 9 26
5 9 3
8 1
4 7 72
3 8
1 2 91
1 3 64
2 3 63
1 3 14
1 2 66
2 3 1
1 3 4
2 3 25
9 9
8 9 2
5 9 29
1 7 6
7 9 5
2 6 73
2 9 86
1 2 27
7 8 58
7 9 70
3 7
2 3 13
1 2 86
2 3 30
2 3 60
1 2 56
1 3 85
1 2 73
9 10
4 6 8
8 9 36
1 6 76
6 9 43
4 9 42
4 7 26
7 9 27
3 7 84
1 8 80
2 4 35
9 5
2 4 77
2 4 49
5 6 14
1 9 56
3 8 12
9 5
1 9 44
1 3 41
4 8 73
3 4 18
1 2 96
11 2
9 10 86
6 9 90
2 6
1 2 52
1 2 59
1 2 93
1 2 82
1 2 76
1 2 98
11 7
8 9 68
7 11 41
5 6 2
6 7 84
3 8 25
3 4 60
9 10 28
6 6
1 5 71
3 6 5
2 6 64
1 5 11
2 6 41
3 4 20
5 2
3 5 33
1 3 76
11 4
5 10 48
9 11 72
1 5 76
3 8 47
10 10
3 7 86
6 10 66
1 9 9
7 9 2
1 4 73
3 6 71
4 5 4
4 10 1
3 10 66
7 9 48
10 4
8 10 64
2 10 89
3 7 61
2 5 55
10 7
1 4 44
1 8 49
1 8 84
6 8 86
8 9 30
5 9 24
2 10 67
6 6
2 3 12
1 2 2
2 3 85
5 6 43
4 6 43
3 5 73
8 7
6 8 5
2 6 13
1 8 66
2 5 42
3 7 57
4 5 39
3 6 16
3 1
1 3 12
9 7
3 8 63
6 8 54
5 6 9
2 9 55
3 5 4
1 6 25
6 7 10
10 1
1 8 59
2 6
1 2 4
1 2 10
1 2 90
1 2 54
1 2 3
1 2 70
10 10
3 9 72
4 5 82
5 10 86
3 4 90
3 9 38
1 8 35
8 9 60
4 5 70
7 8 59
1 5 65
9 6
4 9 31
5 7 89
3 4 86
2 6 75
2 9 52
4 8 80
2 9
1 2 78
1 2 90
1 2 42
1 2 64
1 2 79
1 2 86
1 2 34
1 2 96
1 2 77
11 1
3 11 94
8 1
5 8 68
10 10
1 5 6
4 7 17
2 7 88
2 4 41
1 7 63
2 9 10
2 6 74
2 5 46
2 3 32
2 7 19
4 8
1 4 13
1 4 15
2 3 57
3 4 97
1 3 46
1 4 92
1 3 15
3 4 23
6 6
3 6 80
4 5 19
1 6 99
2 5 63
4 6 23
1 4 38
7 8
3 4 8
3 4 93
1 6 100
1 6 83
2 3 76
4 6 37
2 4 98
4 6 17
2 10
1 2 30
1 2 61
1 2 56
1 2 62
1 2 47
1 2 89
1 2 64
1 2 22
1 2 29
1 2 6
6 8
1 3 25
4 6 31
1 4 34
1 6 38
3 5 79
2 4 15
1 3 50
1 2 38
6 8
2 6 71
1 5 82
3 6 74
3 6 77
1 3 73
1 4 75
4 5 12
4 6 20
7 6
5 6 51
6 7 65
4 5 75
1 7 96
2 5 62
2 6 59
3 9
1 2 23
1 3 11
1 3 92
1 2 75
1 3 56
1 3 73
1 2 48
2 3 6
1 2 51
5 5
1 2 73
1 5 13
3 5 9
1 2 24
3 5 5
8 10
3 7 7
4 7 68
4 5 33
5 8 48
6 8 23
4 5 84
5 6 83
3 8 21
4 8 57
1 3 25
8 8
2 4 35
3 6 69
4 8 84
5 8 27
2 8 13
3 8 9
2 4 86
4 7 44
5 2
1 2 12
1 3 93
6 10
1 4 68
2 5 35
3 4 31
2 4 78
1 6 3
1 3 91
3 4 24
1 2 70
3 6 11
1 5 27
9 1
3 5 59
5 1
3 4 43
2 3
1 2 42
1 2 68
1 2 82
9 1
4 8 59
3 4
2 3 79
2 3 66
1 3 87
1 2 31
10 9
3 6 41
7 9 11
3 10 93
3 4 53
6 10 95
1 9 48
3 6 9
5 7 44
2 10 42
11 1
2 10 24
3 5
2 3 1
1 2 98
1 3 79
1 2 41
2 3 26
5 9
2 3 53
1 2 35
1 3 86
1 5 6
1 2 11
3 5 80
2 3 74
1 4 98
1 2 91
4 9
1 4 90
3 4 25
1 2 9
3 4 78
2 4 8
1 4 23
3 4 62
1 4 64
1 4 33
4 2
1 3 63
1 3 16
6 10
1 2 99
3 4 85
3 5 7
1 3 83
2 5 59
2 4 96
1 3 79
3 6 59
1 2 8
2 6 96
10 7
2 4 85
6 8 9
3 4 30
5 9 56
2 8 23
9 10 87
4 5 78
9 10
1 4 92
1 8 47
4 5 16
2 4 41
5 7 52
2 4 63
8 9 95
2 4 66
2 3 62
6 8 79
2 2
1 2 71
1 2 51
11 4
5 6 83
3 4 97
3 11 83
2 10 32
9 6
2 9 39
5 9 9
5 8 60
4 8 67
8 9 29
5 6 54
9 9
3 7 32
4 9 98
1 3 22
2 8 22
3 5 25
4 9 77
2 5 99
6 7 23
4 7 89
5 3
1 3 27
3 4 2
2 5 56
5 7
2 4 46
3 4 51
2 4 88
3 5 44
1 2 30
1 2 77
2 5 91
3 6
1 3 90
2 3 32
2 3 7
1 2 7
1 2 97
1 3 95
11 9
3 6 70
5 9 16
5 6 69
9 10 98
1 3 100
5 8 100
1 2 72
6 7 86
1 11 32
9 8
3 8 8
4 5 75
1 8 72
6 9 86
5 9 5
6 8 69
6 7 1
2 3 39
10 6
4 10 82
4 8 88
1 2 18
2 6 48
6 9 5
5 8 26
3 5
1 2 7
2 3 94
1 3 69
1 3 69
1 3 80
10 1
1 2 80
5 10
1 4 96
1 4 21
1 2 77
1 3 72
4 5 57
1 3 6
1 5 63
1 4 81
2 3 3
1 4 41
8 9
6 7 47
1 3 98
1 6 73
1 2 56
3 6 89
2 6 16
5 8 10
5 8 56
3 6 43
3 3
1 3 19
2 3 15
1 2 36
11 10
4 6 41
2 11 6
2 9 82
1 5 34
8 9 43
4 8 21
8 10 45
10 11 53
10 11 71
2 9 95
9 7
1 5 41
3 8 89
6 9 46
7 8 84
1 5 79
3 8 63
3 9 97
5 9
1 5 94
1 4 66
2 3 8
2 3 35
2 3 99
1 3 19
1 4 73
1 4 65
2 5 91
6 2
3 6 93
2 5 2
5 2
1 3 46
1 5 42
4 3
3 4 56
2 4 80
1 3 55
4 8
1 2 45
2 3 55
1 2 26
2 3 82
1 3 24
1 3 47
1 4 6
1 4 90
10 4
1 6 10
1 6 9
4 8 21
3 8 56
6 2
1 3 85
2 4 20
3 3
1 3 80
2 3 37
1 3 38
10 10
1 8 92
7 9 61
1 2 33
7 10 76
8 9 75
7 10 77
2 5 30
1 8 73
2 5 88
1 10 94
5 4
2 5 6
2 5 96
1 5 99
4 5 16
3 4
1 2 39
1 3 100
2 3 24
1 2 44
11 3
3 7 42
7 8 92
4 9 1
8 1
3 5 27
2 8
1 2 90
1 2 64
1 2 67
1 2 89
1 2 68
1 2 90
1 2 48
1 2 100
5 7
1 4 52
1 2 59
1 3 6
2 4 20
1 2 32
1 2 92
1 4 16
2 10
1 2 84
1 2 43
1 2 55
1 2 58
1 2 91
1 2 34
1 2 12
1 2 42
1 2 53
1 2 3
5 1
1 3 23
7 6
2 5 43
5 7 89
5 6 58
2 7 70
1 2 14
1 6 62
7 4
1 2 4
5 7 55
2 6 75
5 6 45
6 10
1 2 64
4 5 71
2 4 12
2 5 99
3 6 80
4 5 23
3 5 35
3 5 41
3 6 52
3 4 17
8 9
5 8 49
1 7 36
2 8 63
4 7 21
3 5 74
2 4 89
1 6 93
3 6 50
2 3 33
11 2
1 2 29
9 11 53
2 3
1 2 96
1 2 91
1 2 72
8 10
4 7 34
3 6 31
2 3 83
4 5 91
6 7 98
7 8 91
5 6 4
5 7 62
4 5 87
4 7 2
2 10
1 2 51
1 2 76
1 2 72
1 2 5
1 2 1
1 2 19
1 2 29
1 2 99
1 2 36
1 2 68
5 7
2 4 39
1 4 77
1 3 72
1 2 59
4 5 66
2 3 35
2 5 49
5 3
2 4 38
3 4 12
1 5 28
10 10
1 9 48
8 10 70
3 6 50
3 7 24
4 5 55
2 8 86
8 9 94
5 6 54
9 10 85
3 7 49
11 1
1 6 91
9 4
3 9 75
3 5 59
3 4 10
7 9 41
10 5
6 10 90
4 8 13
1 8 77
4 6 87
2 6 88
5 6
1 4 87
1 3 29
2 3 63
2 5 73
2 3 29
2 3 79
5 6
1 2 46
2 4 56
1 5 74
4 5 76
2 4 2
3 4 75
2 7
1 2 36
1 2 26
1 2 13
1 2 6
1 2 93
1 2 47
1 2 16
11 9
6 7 95
6 7 73
3 5 73
1 2 39
3 4 9
8 9 26
2 5 79
2 11 37
1 11 39
3 7
2 3 76
2 3 1
1 3 3
2 3 85
2 3 8
1 2 45
2 3 59
5 9
3 5 58
2 5 65
4 5 73
2 5 16
1 2 58
1 5 53
2 4 30
4 5 99
1 5 75
5 6
3 4 63
1 5 10
4 5 86
1 2 94
1 2 66
3 5 78
6 5
1 6 92
1 4 35
3 4 99
1 5 22
3 5 77
6 10
1 4 94
2 5 3
1 3 20
1 3 85
2 3 9
1 5 15
5 6 75
1 4 55
2 3 99
3 5 22
6 7
1 6 34
2 3 34
5 6 86
3 4 61
1 4 44
3 4 14
2 3 35
7 7
5 6 12
4 5 39
1 2 8
5 7 52
2 7 59
3 7 14
5 7 61
5 3
1 3 44
3 4 52
1 2 33
3 10
2 3 8
2 3 54
1 2 20
2 3 95
1 2 84
1 3 8
1 3 72
1 3 48
1 3 30
1 2 88
8 3
1 7 67
3 5 61
2 4 92
11 7
8 11 43
4 7 57
2 4 55
4 8 61
2 3 39
5 8 99
1 5 54
9 10
3 7 43
1 9 61
2 6 31
4 7 77
3 7 18
3 6 72
5 9 55
3 7 65
1 7 13
5 9 77
11 4
3 11 62
1 4 35
2 9 64
7 8 89
10 8
1 4 65
5 10 38
2 3 12
3 7 33
4 10 92
2 8 99
3 10 1
7 10 18
6 6
2 3 68
3 5 10
2 6 4
2 3 84
1 6 3
3 5 82
9 1
4 9 72
9 6
5 8 72
4 5 93
2 6 6
4 9 81
3 7 76
3 8 78
10 7
5 9 32
1 5 11
1 9 60
3 8 20
1 10 1
6 7 59
1 7 7
11 5
1 7 95
4 10 47
2 6 29
2 11 22
7 8 34
7 1
4 7 61
10 3
3 9 79
8 10 88
7 9 84
2 6
1 2 10
1 2 35
1 2 59
1 2 94
1 2 41
1 2 75
4 8
2 4 18
1 3 38
2 3 97
2 3 29
2 3 45
1 3 70
1 2 93
1 3 28
9 5
2 3 12
5 7 65
4 5 63
3 9 10
1 5 25
3 5
2 3 34
1 2 28
2 3 41
1 3 1
1 2 55
7 1
1 3 38
5 3
2 3 12
2 4 81
2 4 22
7 9
5 7 56
1 4 53
3 5 41
3 6 87
2 6 40
3 6 13
3 4 32
3 6 58
1 4 71
2 3
1 2 100
1 2 32
1 2 51
8 7
3 7 24
1 4 81
2 8 60
1 4 30
1 2 14
4 7 67
5 8 38
4 6
1 3 73
1 4 54
1 4 98
1 2 12
1 2 82
1 3 29
8 6
6 7 70
3 4 6
2 5 46
1 2 86
5 8 95
2 6 49
3 3
1 3 73
1 3 7
1 2 72
9 8
1 2 34
4 9 4
4 8 80
1 3 94
2 9 35
7 8 7
4 8 89
6 9 85
6 4
4 6 95
1 4 28
2 4 87
1 6 38
2 10
1 2 78
1 2 1
1 2 44
1 2 16
1 2 69
1 2 99
1 2 24
1 2 58
1 2 87
1 2 44
4 2
1 3 59
2 4 91
5 8
3 4 97
3 4 42
2 4 26
1 4 30
1 5 95
4 5 88
1 5 42
1 4 61
2 8
1 2 94
1 2 4
1 2 40
1 2 29
1 2 51
1 2 55
1 2 37
1 2 27
3 5
2 3 87
2 3 57
2 3 52
1 3 67
1 3 94
9 2
4 8 100
2 9 2
10 3
5 6 69
2 8 63
1 6 19
7 10
1 2 85
2 5 15
5 7 33
2 6 15
2 6 20
1 5 84
5 6 53
3 5 49
4 7 25
6 7 49
5 3
2 3 94
3 4 5
4 5 96
3 4
1 3 91
1 2 94
2 3 75
2 3 70
10 6
2 4 12
2 3 9
4 10 46
2 8 7
2 4 22
9 10 48
4 9
3 4 7
2 3 57
1 2 24
3 4 98
1 3 7
2 3 52
1 3 44
2 3 79
1 2 15
7 8
1 4 57
6 7 56
1 2 69
2 5 12
1 2 91
1 4 33
3 7 51
5 6 30
4 7
1 2 77
2 3 53
2 4 52
1 2 94
1 2 17
1 4 26
3 4 40
6 7
3 5 59
1 3 87
3 4 29
2 4 50
1 3 29
2 5 20
2 4 48
7 2
1 4 55
4 5 57
3 6
1 2 61
1 3 91
2 3 6
1 3 76
1 3 31
2 3 83
5 1
2 5 89
7 9
5 7 100
2 7 55
4 7 86
1 5 14
5 7 84
1 3 38
1 6 65
2 3 69
3 4 9
3 3
1 3 100
2 3 84
1 2 41
9 3
5 6 36
8 9 98
3 8 35
5 4
3 4 25
4 5 50
1 3 25
1 3 23
7 4
1 7 85
1 4 54
1 4 51
2 5 7
3 8
1 2 58
1 3 99
2 3 85
2 3 97
1 3 39
1 3 96
2 3 7
2 3 94
7 7
5 6 55
3 7 7
1 4 100
4 6 62
1 5 14
2 6 97
2 7 31
2 5
1 2 24
1 2 37
1 2 94
1 2 45
1 2 1
2 6
1 2 69
1 2 9
1 2 37
1 2 71
1 2 29
1 2 1
5 5
1 2 51
4 5 67
2 4 46
1 2 57
3 4 58
10 10
5 9 92
1 8 59
7 9 91
7 8 35
6 7 3
7 10 96
7 9 51
6 7 77
3 5 2
3 8 65
9 1
1 9 45
3 1
2 3 57
3 8
1 3 91
2 3 19
2 3 85
2 3 76
2 3 72
2 3 37
2 3 35
1 2 37
11 8
4 10 3
6 10 33
2 8 82
4 5 28
1 5 83
3 8 89
8 11 14
2 11 72
5 5
1 4 85
2 5 75
4 5 15
4 5 23
1 2 78
4 6
1 4 11
2 4 88
1 2 40
1 2 5
1 3 42
1 3 75
8 8
1 2 46
3 7 75
5 8 57
2 5 82
1 7 35
1 6 28
3 6 92
2 6 92
3 10
1 3 17
1 3 65
2 3 3
2 3 47
2 3 47
1 3 53
1 3 54
2 3 51
1 2 26
1 3 96
5 4
1 3 97
1 2 93
1 4 96
3 4 16
8 2
1 4 30
3 7 83
8 7
1 5 18
6 7 17
4 5 2
3 5 83
6 8 39
2 3 96
1 5 68
2 6
1 2 97
1 2 33
1 2 84
1 2 54
1 2 1
1 2 62
3 9
2 3 8
1 2 18
1 3 65
1 3 43
1 2 56
2 3 59
1 2 11
2 3 81
1 2 41
9 3
2 4 85
2 5 1
1 4 3
8 4
4 8 16
6 7 55
1 8 80
2 5 93
9 8
1 6 72
2 4 60
6 9 100
1 8 37
1 2 16
5 7 42
3 9 9
2 5 82
11 9
4 11 7
2 7 27
6 9 75
3 10 47
2 11 15
9 10 39
2 5 5
6 9 18
2 6 44
5 8
1 5 56
3 4 31
1 3 80
3 4 55
1 3 2
1 4 32
1 5 61
3 5 58
2 9
1 2 43
1 2 32
1 2 82
1 2 73
1 2 3
1 2 99
1 2 7
1 2 95
1 2 84
9 1
1 9 24
9 4
3 7 56
3 9 13
2 8 2
5 8 7
4 5
1 4 13
3 4 12
2 3 89
1 3 84
2 3 49
6 6
2 4 44
1 6 72
1 4 33
4 5 89
2 3 17
5 6 84
7 8
4 6 76
1 5 21
1 4 36
1 5 81
2 6 87
3 5 23
4 6 86
6 7 36
5 7
1 2 86
2 3 61
1 3 89
1 5 93
1 4 99
2 4 12
2 5 22
4 6
2 3 40
1 3 71
1 3 60
1 4 92
1 2 92
2 4 76
8 10
3 8 77
1 2 4
3 7 16
4 7 67
1 6 38
6 7 65
5 6 9
3 5 15
2 3 53
3 7 26
2 10
1 2 14
1 2 22
1 2 70
1 2 66
1 2 82
1 2 54
1 2 16
1 2 90
1 2 42
1 2 73
6 7
1 3 69
1 6 51
2 5 79
3 4 14
2 6 28
2 4 74
3 5 88
9 4
7 8 96
2 7 7
2 5 6
2 6 24
4 10
1 4 94
1 2 72
1 3 72
2 4 20
1 2 53
1 4 58
3 4 58
1 3 66
1 3 60
2 4 29
3 9
1 2 32
1 2 96
1 2 17
1 3 86
2 3 58
1 2 39
1 3 96
1 3 32
1 2 1
2 1
1 2 3
10 9
1 8 21
5 9 14
3 9 83
8 9 59
1 5 95
4 9 65
5 9 91
3 6 64
6 8 32
11 1
9 11 49
2 10
1 2 88
1 2 26
1 2 21
1 2 57
1 2 35
1 2 9
1 2 90
1 2 95
1 2 73
1 2 3
6 4
2 6 28
2 3 17
4 6 24
2 6 16
6 7
4 6 77
3 4 47
1 6 89
4 5 83
1 5 16
2 5 63
5 6 30
4 5
1 4 97
3 4 3
2 4 66
1 2 56
2 4 55
5 5
3 5 22
2 4 18
2 4 61
1 4 86
2 4 9
7 7
2 7 89
1 3 78
2 4 55
1 6 38
3 5 91
2 3 54
4 6 23
4 3
1 2 30
1 3 75
3 4 35
4 9
2 4 8
1 3 38
1 4 62
1 3 62
1 4 73
2 3 73
1 3 12
2 4 30
1 2 57
10 10
1 6 25
1 3 7
4 9 75
2 4 39
5 7 78
4 10 5
3 4 26
2 7 25
3 10 91
3 7 56
6 2
2 3 80
3 5 93
4 3
3 4 48
2 4 70
1 4 40
10 1
2 9 41
8 9
1 5 26
2 3 17
1 5 65
3 4 80
2 4 6
1 5 6
3 4 39
1 6 19
7 8 9
8 9
1 3 46
4 7 45
3 5 50
4 7 59
4 8 4
4 7 27
2 4 1
1 5 48
3 5 31
7 3
4 7 74
1 2 98
3 6 29
2 9
1 2 13
1 2 70
1 2 12
1 2 12
1 2 61
1 2 55
1 2 66
1 2 74
1 2 38
10 10
7 8 10
1 6 20
1 2 21
2 8 94
5 10 100
2 7 51
6 8 66
5 9 95
3 6 20
1 8 54
9 8
2 9 54
3 4 77
1 4 35
3 4 94
4 6 48
5 7 45
1 8 86
4 8 8
10 5
1 9 100
1 6 99
2 3 83
9 10 60
3 9 100
7 8
2 3 43
1 7 7
2 6 4
5 7 36
1 6 79
5 7 50
4 6 27
1 3 42
10 4
2 7 94
1 9 36
1 10 82
2 10 85
5 10
2 3 43
2 4 88
1 3 24
4 5 84
1 4 7
4 5 21
2 4 86
2 4 99
2 4 76
2 5 89
11 7
5 7 70
2 11 98
5 10 59
1 6 92
8 10 1
6 11 37
4 10 81
7 4
4 7 28
3 4 71
5 7 71
5 6 78
11 6
8 10 52
8 11 34
3 8 30
5 11 43
1 2 29
5 7 100
9 1
6 9 42
3 10
1 3 76
2 3 46
2 3 25
2 3 36
2 3 46
2 3 18
1 2 25
1 2 56
1 2 44
1 2 66
6 1
1 5 25
10 2
1 8 29
1 6 81
2 1
1 2 65
7 5
2 6 7
5 6 27
1 4 93
5 6 66
2 4 47
11 3
7 8 11
4 8 51
6 10 26
10 5
5 7 30
5 7 17
4 9 2
2 5 16
1 5 40
4 5
1 2 38
1 4 25
1 4 96
2 4 52
1 4 45
8 6
2 8 85
2 4 96
1 7 46
2 7 57
4 5 67
5 7 54
3 6
2 3 30
2 3 28
1 2 49
2 3 93
1 2 49
1 3 83
5 10
2 3 28
2 5 34
1 2 36
2 4 81
2 3 18
1 3 46
2 3 83
3 4 92
1 5 96
4 5 72
4 6
2 4 82
1 4 53
2 3 31
2 3 100
2 4 95
1 2 84
2 5
1 2 14
1 2 3
1 2 59
1 2 39
1 2 2
7 9
2 7 42
5 6 10
2 7 44
1 2 3
2 3 76
2 6 95
1 7 91
4 6 55
4 7 89
7 1
5 7 43
11 8
4 9 85
6 10 89
1 9 80
4 5 61
4 8 72
5 8 43
4 8 54
4 10 24
7 2
2 3 47
3 5 25
10 6
4 8 78
1 2 71
3 5 30
1 7 16
2 3 63
2 3 29
7 10
1 6 90
4 7 36
1 6 33
1 4 4
3 6 42
2 6 73
1 2 14
2 6 21
5 6 71
3 7 5
6 10
3 6 53
2 4 45
3 5 62
2 3 67
1 6 59
1 5 7
3 4 85
2 4 22
1 6 91
2 6 68
4 4
3 4 51
2 4 75
1 3 36
1 2 12
4 5
3 4 61
1 2 10
2 4 1
1 2 41
1 4 8
11 2
3 6 37
1 3 80
7 10
1 5 32
2 3 26
2 7 70
1 4 64
3 6 71
3 7 25
4 7 66
2 3 56
6 7 33
5 7 40
8 8
1 7 5
1 3 22
2 6 42
3 4 63
3 5 55
3 8 85
1 3 17
1 5 30
9 10
3 5 5
1 5 21
1 2 53
1 5 67
2 6 59
4 9 88
6 7 97
6 8 54
4 9 73
3 6 54
6 4
1 4 33
3 5 67
4 5 27
5 6 45
5 10
4 5 11
1 5 11
3 4 94
3 5 62
1 5 52
2 4 59
3 4 39
1 4 58
2 3 23
2 5 61
10 4
4 5 20
3 6 12
2 6 6
2 8 61
10 2
3 8 85
4 6 56
7 4
5 7 40
2 7 33
4 6 96
2 4 90
3 2
2 3 38
1 3 8
6 5
3 6 42
2 3 63
2 4 52
1 3 39
2 5 95
8 9
2 7 6
5 6 13
2 8 28
3 5 96
7 8 50
1 5 43
4 5 16
7 8 66
5 6 70
3 1
1 2 53
10 7
2 7 87
3 10 79
5 10 90
7 9 55
3 7 57
2 5 4
2 10 20
9 6
1 6 62
3 5 93
5 9 68
8 9 100
4 9 13
2 6 94
9 5
1 9 90
8 9 100
3 6 37
4 7 58
4 6 83
11 8
3 8 97
4 5 98
3 5 3
6 8 25
6 7 24
1 5 3
3 4 90
6 11 36
11 5
2 11 51
4 7 94
4 11 91
8 11 6
1 7 29
10 3
2 9 75
1 5 85
8 9 90
3 5
1 2 47
2 3 34
2 3 19
1 2 64
1 2 59
6 2
3 6 47
3 6 54
2 7
1 2 17
1 2 93
1 2 71
1 2 47
1 2 83
1 2 27
1 2 7
2 4
1 2 15
1 2 1
1 2 86
1 2 69
6 3
1 5 39
3 5 73
1 5 44
11 2
2 5 46
5 9 86
11 10
3 8 20
4 11 86
8 10 89
6 7 97
2 6 15
1 8 38
8 10 99
9 10 64
3 7 42
3 5 56
3 6
1 2 95
1 3 22
2 3 44
1 3 36
2 3 100
1 2 25
3 7
1 3 57
1 3 93
2 3 33
1 2 50
1 2 49
1 3 39
1 2 26
11 2
1 5 67
9 10 48
3 8
1 2 58
2 3 4
1 2 24
1 3 70
2 3 100
1 2 74
1 2 85
1 3 5
5 2
3 4 88
1 5 95
11 4
3 9 42
4 9 24
4 10 36
8 9 10
5 8
1 4 92
3 5 5
1 2 92
2 4 21
3 4 29
1 5 43
1 3 95
1 3 87
8 5
5 7 44
3 7 46
4 5 28
3 6 82
7 8 86
6 1
3 5 44
4 3
1 4 69
2 3 10
1 4 46
4 10
1 4 80
1 4 55
2 4 44
1 3 78
1 4 84
2 3 21
2 4 40
1 3 25
1 4 36
3 4 91
9 7
8 9 21
3 7 48
4 6 32
4 8 6
2 9 24
1 8 83
4 6 70
4 6
2 4 56
1 3 55
2 3 52
2 4 2
1 4 74
2 4 96
7 6
4 6 61
4 5 80
2 4 25
3 4 76
4 5 47
1 2 85
3 3
1 3 90
1 2 34
1 2 99
6 4
1 6 18
1 3 15
2 3 74
1 3 97
3 2
1 3 21
1 2 52
3 2
1 2 74
2 3 31
10 2
5 10 49
8 10 78
2 8
1 2 90
1 2 30
1 2 86
1 2 21
1 2 82
1 2 90
1 2 61
1 2 93
5 4
4 5 41
3 5 71
2 5 13
2 3 87
8 4
5 8 9
7 8 24
5 6 94
6 7 28
6 1
2 5 40
6 7
3 6 34
2 5 84
4 5 34
5 6 78
3 6 64
1 4 69
4 5 67
2 8
1 2 7
1 2 35
1 2 8
1 2 76
1 2 95
1 2 74
1 2 81
1 2 14
5 3
1 4 67
1 5 50
2 3 38
11 3
1 7 27
7 9 15
1 2 47
4 6
1 2 47
3 4 4
1 3 42
2 4 25
1 3 50
1 3 35
9 7
1 6 93
6 7 76
1 9 82
5 9 14
1 8 7
2 4 60
3 5 60
5 7
2 3 97
3 4 58
1 2 68
2 5 4
4 5 17
4 5 19
1 4 98
3 2
1 3 26
1 3 22
9 9
1 5 22
3 9 20
4 5 13
4 6 64
2 4 37
1 6 89
1 3 71
2 6 92
2 7 38
2 5
1 2 4
1 2 66
1 2 3
1 2 95
1 2 29
10 10
2 5 4
3 4 17
1 7 59
1 5 52
3 5 50
6 10 73
6 10 53
7 10 61
7 9 45
3 9 74
6 4
2 3 92
2 5 23
2 4 77
5 6 89
11 6
1 3 28
1 8 100
6 7 94
2 10 73
3 8 99
2 9 88
10 8
3 7 51
8 9 94
1 10 32
1 10 22
2 8 41
4 7 11
3 9 21
8 9 65
5 5
1 3 55
2 3 25
3 4 21
1 5 83
2 4 1
8 3
3 7 51
4 5 87
3 4 2
3 10
1 2 66
2 3 11
1 3 59
2 3 7
2 3 72
1 2 19
1 3 82
1 2 14
2 3 5
1 3 65
6 8
5 6 34
2 5 45
3 5 89
3 4 41
2 4 44
2 3 1
1 5 54
2 5 33
3 5
1 2 13
1 3 53
2 3 10
1 2 70
1 2 66
3 8
2 3 22
2 3 44
2 3 65
1 2 34
1 2 26
2 3 8
1 3 30
1 2 96
10 2
8 10 16
3 5 59
6 9
4 6 38
1 4 83
1 6 22
3 4 5
3 5 5
1 6 45
5 6 30
3 6 17
2 6 34
2 7
1 2 74
1 2 36
1 2 90
1 2 22
1 2 64
1 2 6
1 2 35
11 8
5 8 59
4 5 47
8 11 32
1 3 52
3 4 96
1 3 61
2 5 35
2 3 2
10 8
1 10 16
7 10 62
3 10 24
3 5 51
1 2 79
4 8 22
6 9 84
2 4 10
4 9
1 4 46
2 4 47
2 3 56
1 4 86
1 2 48
2 3 36
2 4 34
1 4 26
1 3 1
10 2
2 6 25
2 5 45
4 10
1 3 20
2 3 31
1 2 45
2 4 86
2 4 3
2 3 74
2 3 12
2 3 60
1 4 46
2 3 92
9 4
3 7 63
1 8 7
1 8 20
3 4 92
11 7
10 11 99
6 7 4
1 7 26
2 6 34
8 11 94
9 10 25
1 10 1
6 2
1 3 9
3 4 93
3 10
1 3 23
2 3 53
2 3 66
1 3 62
2 3 1
2 3 54
1 2 77
2 3 93
1 2 62
2 3 61
2 9
1 2 46
1 2 42
1 2 34
1 2 1
1 2 42
1 2 66
1 2 28
1 2 20
1 2 69
9 8
7 8 11
1 6 91
1 2 100
1 5 65
3 8 7
1 8 48
2 9 88
5 7 65
6 7
4 6 85
2 5 48
3 6 82
3 4 97
4 6 100
2 6 42
1 6 16
7 1
4 7 20
8 10
3 4 42
1 4 21
3 7 6
5 6 88
1 3 40
3 4 39
3 8 42
6 8 12
3 6 84
1 3 83
4 2
2 4 13
1 3 49
5 7
1 3 16
4 5 38
3 4 25
1 5 46
4 5 84
2 3 61
4 5 84
7 8
3 5 85
4 6 1
4 7 58
5 6 86
3 4 34
2 4 28
2 7 91
5 7 80
5 7
1 3 10
2 3 40
2 5 8
1 5 85
3 5 61
1 4 1
1 4 99
7 10
4 6 44
4 5 20
4 7 91
5 6 68
2 6 81
2 3 8
3 6 26
5 6 15
2 3 33
1 5 21
9 5
8 9 45
2 7 2
4 6 42
1 4 25
1 4 41
3 1
1 3 4
7 10
1 6 18
4 6 33
1 2 62
6 7 18
4 5 19
1 3 22
1 4 89
1 5 28
2 5 76
3 6 43
6 9
5 6 80
4 6 72
1 6 68
1 4 73
5 6 78
1 6 42
2 6 18
1 3 22
2 4 15
5 8
2 3 63
3 5 93
1 4 35
1 2 89
3 5 34
2 4 23
1 3 66
1 2 24
4 7
1 3 32
1 2 63
3 4 20
3 4 16
1 2 22
1 3 32
3 4 53
2 5
1 2 19
1 2 35
1 2 91
1 2 69
1 2 56
6 5
1 2 20
3 6 48
3 6 49
1 6 33
1 5 71
9 4
3 8 46
6 9 51
5 9 100
3 8 97
6 2
2 3 83
3 6 71
8 4
5 6 17
6 8 67
1 2 73
5 7 72
9 2
1 3 87
2 3 54
5 9
2 3 100
2 5 11
2 4 94
1 3 35
2 5 14
2 3 75
3 4 78
4 5 67
1 4 47
6 2
4 5 98
1 2 92
5 6
1 4 39
2 4 63
3 5 16
4 5 70
3 5 70
3 4 62
7 6
1 2 38
3 4 50
2 5 95
2 5 93
2 6 7
2 5 40
7 2
1 6 78
1 5 23
4 5
1 2 24
1 4 15
3 4 21
2 3 99
1 2 98
8 4
1 4 32
5 6 95
3 6 52
1 6 46
7 6
1 3 1
1 5 98
2 5 32
3 4 75
4 7 63
4 5 60
6 8
4 5 28
1 6 97
4 5 97
2 6 69
1 3 34
3 5 85
1 5 26
1 6 22
2 2
1 2 1
1 2 26
2 2
1 2 28
1 2 83
7 5
1 2 93
5 6 6
1 6 72
1 6 42
3 5 36
5 2
1 5 93
4 5 97
9 8
4 5 21
6 9 38
2 9 4
4 9 42
2 7 78
1 4 35
5 7 54
1 7 31
10 3
2 8 17
1 4 16
5 6 75
3 6
1 2 49
1 2 2
2 3 2
1 2 10
2 3 71
1 2 3
9 7
1 6 98
2 9 99
2 4 74
4 9 74
4 6 84
4 6 26
3 9 84
10 10
4 9 68
4 7 39
3 7 83
2 7 39
1 8 55
8 9 69
2 7 99
2 8 20
1 6 90
1 7 40
7 6
1 4 22
1 2 88
5 6 31
3 7 100
2 3 54
3 4 86
5 9
4 5 63
2 4 36
4 5 65
1 5 48
3 5 13
3 4 28
1 3 100
4 5 87
1 3 18
6 9
4 6 89
2 5 69
3 5 38
2 5 98
3 4 22
2 5 8
5 6 47
2 4 13
2 5 77
3 6
2 3 17
1 2 78
1 3 9
2 3 33
1 2 45
1 2 28
11 10
5 7 2
2 7 67
4 11 63
8 10 29
3 5 42
7 9 32
2 4 36
2 4 83
5 7 53
1 3 69
5 4
4 5 27
2 4 83
1 3 26
1 3 25
7 7
2 4 59
1 5 59
2 7 51
3 7 54
2 3 17
2 6 19
5 7 66
4 4
2 4 87
3 4 42
2 4 63
1 3 49
4 7
1 2 30
1 2 39
2 3 51
1 4 40
2 4 69
2 3 17
3 4 46
9 10
1 9 75
4 9 26
2 8 25
2 8 75
2 7 16
4 5 31
4 5 38
3 4 92
5 7 13
5 6 1
10 2
2 3 23
6 9 59
10 6
3 6 61
4 8 94
6 7 14
3 10 5
6 9 49
5 9 21
3 9
2 3 38
1 2 63
1 3 38
1 2 12
1 2 70
1 3 31
1 3 7
2 3 38
2 3 64
9 8
3 9 44
6 8 55
5 7 13
4 7 75
1 9 19
6 7 24
4 5 31
2 3 16
9 9
2 6 88
6 9 89
3 4 47
2 4 32
4 6 70
1 4 7
1 9 6
1 7 81
7 9 40
10 5
2 8 41
7 10 83
5 7 81
1 4 7
6 9 52
9 1
1 5 8
8 5
2 6 7
3 8 36
2 5 35
2 3 77
3 4 27
4 8
2 4 28
2 3 49
2 4 58
2 3 17
1 3 52
3 4 4
1 4 56
1 2 95
8 1
3 5 6
9 9
2 9 47
6 8 93
1 6 53
7 9 77
2 5 9
7 8 33
4 5 32
7 9 38
5 7 10
2 5
1 2 28
1 2 40
1 2 99
1 2 98
1 2 7
11 4
7 11 95
3 10 76
2 3 81
1 8 100
8 10
2 3 60
4 5 29
1 7 67
3 8 64
2 3 87
1 5 50
3 6 84
1 6 7
3 5 9
3 5 21
8 10
3 6 39
4 5 68
3 7 22
2 8 94
3 5 8
1 3 23
1 8 26
4 7 70
5 8 56
2 8 88
5 10
2 4 46
3 5 7
1 5 7
2 3 84
2 4 96
4 5 98
1 4 53
1 3 4
1 5 53
2 3 63
9 1
2 8 6
9 8
1 9 77
1 5 47
4 9 16
1 9 17
2 3 34
1 4 4
5 8 75
6 9 3
7 2
4 7 21
2 6 58
4 5
1 2 7
3 4 84
2 4 77
2 3 7
1 3 20
3 5
1 2 35
2 3 76
2 3 66
2 3 9
1 2 87
7 3
2 4 60
3 4 67
1 6 61
3 4
1 2 19
1 2 66
2 3 72
1 2 51
11 9
8 11 37
1 8 66
4 5 6
4 11 66
2 9 81
1 3 84
4 7 82
2 6 50
1 6 63
3 10
1 2 79
2 3 61
1 2 24
1 2 66
2 3 56
2 3 10
1 3 12
1 3 76
2 3 57
2 3 57
10 1
1 7 89
8 8
3 6 44
1 5 77
3 4 36
1 2 81
4 7 92
3 6 86
3 4 94
1 5 87
9 10
1 8 27
2 6 65
3 4 93
5 8 93
1 8 28
3 9 40
1 3 97
1 6 97
5 6 87
1 9 24
3 2
1 3 95
2 3 55
6 5
5 6 70
2 5 28
3 4 24
2 3 35
1 4 1
4 7
1 4 18
2 3 93
1 3 9
1 4 70
3 4 36
2 3 74
2 3 45
9 6
4 9 3
6 9 23
5 7 9
1 3 91
7 9 32
1 8 7
9 5
4 8 6
4 9 54
3 9 43
1 5 28
2 8 44
9 4
3 4 6
3 5 72
5 7 43
2 3 82
10 9
2 10 58
6 7 31
2 4 51
9 10 73
1 9 18
1 4 57
3 9 100
3 5 74
4 6 45
8 7
2 5 1
5 8 46
6 8 96
1 4 20
3 5 24
3 5 91
2 8 40
10 6
2 3 20
2 10 14
4 8 67
4 7 22
3 7 96
6 7 50
2 7
1 2 56
1 2 62
1 2 17
1 2 79
1 2 89
1 2 100
1 2 66
4 5
3 4 1
1 2 59
2 3 59
2 3 66
3 4 13
6 3
2 3 44
4 5 7
1 3 74
2 9
1 2 9
1 2 22
1 2 13
1 2 67
1 2 59
1 2 47
1 2 5
1 2 23
1 2 16
9 2
4 6 79
1 7 67
6 2
2 6 85
2 3 66
2 5
1 2 12
1 2 8
1 2 44
1 2 32
1 2 7
3 6
1 3 77
1 3 91
1 3 26
2 3 16
1 2 81
1 2 35
5 2
2 5 49
1 3 61
5 4
1 5 24
3 4 40
2 4 91
2 4 2
5 4
1 4 100
4 5 99
3 4 69
1 5 49
8 5
1 7 68
4 6 78
4 8 31
1 5 59
5 8 43
10 8
4 7 6
3 9 12
1 3 3
1 10 49
3 7 58
4 7 91
8 9 87
1 6 40
5 3
1 4 38
1 5 73
2 4 30
7 1
1 3 76
7 7
1 6 30
2 7 68
3 7 46
3 6 87
1 4 76
1 7 2
5 6 79
3 4
1 3 27
1 2 90
2 3 48
2 3 15
10 4
8 9 41
2 8 67
6 9 88
4 6 51
5 4
2 5 44
1 5 12
4 5 89
3 4 61
10 4
4 7 19
6 7 86
6 10 14
6 7 95
6 10
3 4 89
1 6 53
1 4 48
4 6 85
4 6 93
3 4 98
3 4 57
1 2 32
1 3 72
1 3 66
8 10
5 8 73
3 4 72
5 7 81
5 7 38
1 4 13
2 8 94
3 4 88
1 2 60
3 8 31
3 5 39
3 1
1 2 95
10 8
4 6 40
8 9 97
5 6 97
6 9 84
2 6 47
4 6 28
4 10 8
4 6 36
2 3
1 2 21
1 2 68
1 2 13
6 10
1 5 96
2 5 28
1 6 86
3 5 39
4 5 97
2 4 9
1 3 40
3 6 73
3 6 73
4 6 100
10 7
1 8 96
5 8 55
5 7 3
7 8 46
2 5 84
2 5 76
1 4 19
10 8
5 10 68
5 9 90
7 9 13
1 2 35
8 9 18
1 4 91
1 4 85
4 8 65
2 9
1 2 71
1 2 52
1 2 24
1 2 18
1 2 20
1 2 28
1 2 89
1 2 99
1 2 51
8 6
1 3 14
5 7 33
1 3 32
1 6 81
1 2 74
6 7 28
10 5
3 5 69
3 8 38
4 5 63
1 4 56
6 8 18
3 4
1 2 68
1 2 14
2 3 76
2 3 83
10 3
5 10 7
2 9 45
1 5 79
3 2
2 3 26
1 3 90
2 10
1 2 64
1 2 15
1 2 12
1 2 7
1 2 95
1 2 16
1 2 59
1 2 97
1 2 96
1 2 42
11 9
2 9 73
7 8 83
2 7 30
8 9 69
2 11 16
3 4 13
2 3 49
2 9 91
9 10 26
9 9
2 5 6
5 9 56
4 6 42
3 4 85
3 7 12
4 7 59
1 6 5
2 9 63
1 4 41
3 8
1 3 20
1 2 61
2 3 91
2 3 89
1 3 12
2 3 56
1 2 1
2 3 66
11 2
6 11 10
3 11 32
7 10
2 4 36
1 2 28
4 5 96
4 5 39
4 6 42
1 3 20
5 6 49
3 5 32
3 5 97
2 7 39
8 2
3 6 82
4 6 87
9 3
4 7 36
1 9 62
2 8 85
10 4
6 7 74
2 3 53
4 10 24
1 4 1
8 3
3 6 4
2 7 10
1 6 83
11 3
2 11 41
6 7 6
3 8 27
7 6
3 4 89
1 2 15
3 4 27
6 7 82
1 5 89
5 6 99
7 10
1 3 69
2 4 17
1 7 91
1 7 48
2 3 82
1 7 6
1 7 91
3 4 46
4 7 68
1 5 87
7 3
2 7 29
1 2 21
2 5 47
10 8
4 10 87
1 7 98
4 9 19
4 5 64
5 10 73
4 7 18
5 7 81
7 8 37
10 1
3 4 36
10 5
7 9 28
3 8 41
3 10 44
4 9 22
5 9 19
4 4
1 4 18
1 2 73
1 4 12
1 3 55
4 4
1 4 67
1 2 99
1 4 17
2 3 54
6 2
1 3 76
4 6 24
8 4
6 8 13
3 6 70
7 8 5
1 8 66
4 1
1 2 16
7 4
4 6 66
3 7 49
3 4 97
2 3 68
5 1
1 5 16
6 5
1 2 1
3 6 50
4 5 14
5 6 70
1 2 25
8 8
6 8 72
2 5 36
2 7 48
1 7 18
2 4 85
6 8 95
1 5 54
2 4 91
3 8
1 3 85
2 3 92
1 2 7
1 2 24
1 2 26
1 3 47
1 2 2
2 3 99
8 8
3 7 19
2 3 15
5 7 59
6 8 2
3 7 67
1 4 56
4 7 89
1 6 57
7 9
1 2 14
1 5 16
1 3 3
2 3 11
1 2 93
2 5 49
1 6 2
1 6 94
4 6 2
7 10
1 2 8
3 7 67
1 3 25
4 6 30
4 6 3
1 4 88
2 4 89
5 7 14
2 4 32
1 4 60
11 10
4 6 7
4 11 26
6 11 70
9 11 8
3 5 55
1 9 94
4 6 3
3 6 28
5 9 97
2 4 51
10 10
2 9 28
4 9 45
3 9 45
2 9 53
2 4 87
3 4 2
1 4 27
3 7 52
2 7 81
4 8 92
3 3
1 2 70
2 3 31
1 3 50
9 6
2 7 9
3 4 25
1 9 71
8 9 22
1 7 70
8 9 67
4 3
2 3 95
1 2 71
1 4 57
5 2
2 3 88
3 4 29
8 1
2 7 75
11 10
9 11 73
8 10 18
3 7 19
8 9 21
3 6 65
4 6 25
4 10 92
3 10 55
8 11 76
4 7 92
4 2
2 3 89
3 4 68
8 2
2 8 7
6 8 5
2 3
1 2 46
1 2 58
1 2 81
8 5
3 6 6
4 8 57
4 7 83
2 4 43
1 2 80
6 4
3 5 80
1 3 82
3 5 74
2 5 4
3 4
1 3 33
2 3 87
2 3 54
2 3 22
9 4
3 9 97
4 5 74
8 9 5
1 2 27
3 10
1 3 32
1 3 79
1 3 31
2 3 71
2 3 15
1 3 40
2 3 45
1 3 21
1 3 32
1 3 40
7 2
4 6 41
1 5 42
7 7
3 6 29
2 6 1
1 7 32
2 6 98
1 4 97
2 4 19
2 5 61
7 1
1 5 61
7 1
5 6 14
8 1
5 6 8
8 2
3 8 55
1 7 47
5 5
1 5 91
2 3 34
3 4 5
1 3 61
1 5 10
10 1
3 9 2
4 2
3 4 80
2 3 66
9 10
2 9 13
7 9 39
2 4 34
3 7 54
2 7 4
2 7 40
6 8 25
5 6 67
3 6 87
1 7 26
8 10
1 4 22
4 8 90
7 8 88
2 7 39
3 5 56
2 5 20
1 4 13
2 7 8
3 8 49
6 8 22
10 2
6 8 80
8 9 47
9 8
6 9 96
1 2 91
1 8 55
7 8 57
5 9 94
2 7 9
2 4 72
8 9 51
3 3
1 2 58
1 2 4
1 2 89
4 5
3 4 34
1 3 3
1 2 14
2 3 85
1 2 72
4 3
1 3 2
2 3 89
2 3 68
10 7
8 9 54
4 10 21
3 10 6
4 8 1
9 10 28
2 4 40
1 6 81
5 8
3 4 38
4 5 82
3 5 43
4 5 90
1 3 84
4 5 14
1 3 98
2 3 96
9 7
5 7 25
1 6 51
3 6 32
3 8 35
4 9 18
2 3 93
3 5 24
4 9
2 4 67
2 3 42
2 3 46
1 2 74
1 4 4
1 3 42
2 4 11
1 3 89
1 4 21
9 6
6 9 1
4 6 9
3 7 29
4 9 30
6 8 97
1 6 30
5 4
2 5 65
1 4 43
1 3 65
3 5 61
11 1
8 10 92
6 3
1 6 14
2 4 90
4 5 65
10 4
1 2 8
5 7 63
4 6 64
2 6 73
3 2
2 3 42
1 2 38
4 10
3 4 17
3 4 20
2 3 9
2 3 7
1 3 72
1 4 57
3 4 88
1 3 24
3 4 33
1 4 1
8 9
4 5 10
7 8 31
1 3 59
2 7 58
5 6 8
7 8 94
4 8 44
2 5 89
3 4 53
9 8
5 7 17
3 9 92
1 5 13
5 7 93
4 8 6
4 9 84
6 8 33
6 8 15
5 5
1 5 28
1 3 89
1 3 52
1 4 78
1 2 7
4 6
2 3 33
1 3 55
3 4 39
1 3 40
3 4 48
3 4 18
7 7
3 4 98
2 7 41
4 5 57
1 4 91
2 4 80
2 3 1
1 4 68
2 7
1 2 78
1 2 94
1 2 60
1 2 77
1 2 36
1 2 71
1 2 27
11 1
1 3 75
5 2
2 5 2
1 4 15
3 6
1 2 31
1 2 40
1 3 68
1 2 29
1 2 93
2 3 61
6 6
3 5 20
1 5 45
1 4 56
3 5 99
5 6 26
1 6 31
11 4
6 11 1
5 10 81
7 10 53
2 11 44
4 6
2 3 81
2 3 53
2 3 76
1 3 95
1 2 96
1 3 5
9 10
1 4 61
5 9 5
6 7 89
4 6 29
3 9 47
7 8 15
1 2 34
4 7 24
3 6 90
1 9 1
9 3
3 9 83
8 9 42
1 3 85
7 3
5 7 94
3 5 100
1 6 35
9 6
1 7 52
4 6 92
5 6 40
3 9 71
2 9 27
3 4 22
2 7
1 2 26
1 2 43
1 2 30
1 2 68
1 2 42
1 2 50
1 2 12
6 4
3 4 54
5 6 16
4 6 25
5 6 18
2 3
1 2 29
1 2 98
1 2 87
5 9
1 4 13
2 3 47
3 5 38
1 4 98
2 3 4
1 3 53
2 5 55
3 4 84
2 3 55
6 9
1 3 49
3 6 2
1 3 69
3 5 56
1 5 36
1 4 30
1 3 76
3 6 32
1 2 48
3 6
1 2 89
2 3 17
1 2 98
2 3 9
1 3 53
1 2 60
8 2
2 8 46
4 5 2
5 10
1 3 13
3 5 58
4 5 18
1 5 46
4 5 69
2 5 7
3 4 45
1 5 79
2 5 60
3 4 88
3 3
1 2 48
2 3 3
2 3 35
6 10
4 5 39
2 3 18
3 6 33
3 4 45
2 6 57
2 5 40
2 3 14
2 3 73
4 5 89
1 4 100
7 5
1 2 26
4 5 72
4 6 45
3 5 62
2 7 67
7 10
2 6 57
4 6 40
2 7 3
4 7 39
4 5 92
3 7 88
2 6 68
1 4 24
3 4 36
1 3 59
4 9
1 4 72
2 3 49
2 4 13
1 3 99
1 3 97
3 4 5
3 4 14
1 4 34
1 3 1
11 2
8 10 47
4 9 24
9 3
2 9 40
2 4 91
2 8 76
6 7
3 6 66
4 6 51
4 6 57
1 6 48
1 6 62
1 6 15
1 5 27
9 6
4 8 95
3 6 85
6 7 3
2 7 10
3 5 39
7 9 71
5 6
3 4 88
2 3 64
4 5 73
2 5 59
3 5 63
4 5 49
7 8
3 5 85
1 7 74
6 7 5
2 7 94
2 4 29
5 7 17
2 4 63
1 7 99
3 10
1 3 47
1 2 82
1 2 88
1 3 42
1 3 74
2 3 51
2 3 68
1 3 5
2 3 55
1 3 22
10 6
6 10 45
1 4 20
2 4 49
7 8 42
8 9 90
4 8 77
6 6
2 6 51
3 6 99
2 6 22
3 6 35
1 5 23
2 5 43
4 7
2 3 80
1 4 72
1 4 1
2 3 91
2 3 92
3 4 4
2 4 93
4 9
2 3 59
1 2 2
1 4 19
2 3 37
2 4 98
2 4 16
1 2 16
1 4 49
2 3 11
6 1
3 4 35
6 8
1 5 5
2 5 92
2 4 54
2 5 34
1 3 29
1 3 90
5 6 87
2 3 63
5 6
2 3 56
1 4 71
1 4 64
2 4 48
2 4 65
1 3 35
8 2
6 7 16
4 7 20
8 1
3 5 19
8 2
7 8 27
6 8 11
6 2
1 5 85
1 4 3
5 5
1 3 12
3 4 82
4 5 41
1 4 8
4 5 51
8 6
3 4 89
1 4 8
5 7 87
5 6 86
6 8 88
3 7 17
3 2
1 2 83
1 3 96
3 2
1 3 26
2 3 31
9 2
1 8 22
2 9 24
3 9
1 3 89
2 3 1
2 3 23
2 3 54
1 3 42
1 3 54
1 2 8
2 3 74
2 3 71
7 3
3 6 32
3 5 69
2 7 71
5 5
2 4 4
2 5 20
1 5 29
4 5 41
2 3 66
4 2
1 3 56
2 4 24
10 8
4 7 52
3 5 91
2 4 99
1 8 13
5 6 55
2 4 58
4 7 16
7 9 83
11 8
3 10 32
3 5 32
4 6 59
3 10 59
1 4 99
4 5 75
6 10 85
3 7 40
5 7
4 5 35
3 5 47
1 5 65
1 2 61
4 5 83
1 5 31
3 5 54
9 3
8 9 72
4 8 2
5 8 16
9 1
2 5 85
4 7
2 3 5
2 4 82
2 3 39
1 4 60
2 4 5
2 4 34
3 4 7
6 10
2 3 26
1 2 5
2 5 100
4 5 52
3 5 35
1 4 90
2 6 90
1 3 65
4 6 56
2 4 41
7 1
1 4 7
3 10
2 3 36
1 3 55
1 2 67
2 3 4
1 2 39
1 2 35
2 3 3
1 2 21
1 2 42
2 3 3
7 9
1 7 93
1 5 79
5 6 20
3 7 5
3 5 49
2 6 53
2 3 74
1 2 95
6 7 61
2 6
1 2 7
1 2 7
1 2 9
1 2 60
1 2 19
1 2 95
5 5
3 5 99
1 5 12
3 4 40
4 5 41
1 5 13
3 9
2 3 69
2 3 80
1 3 99
2 3 40
1 2 83
1 2 96
2 3 28
1 2 73
1 2 63
4 2
2 4 46
1 4 54
4 7
1 3 53
1 2 61
3 4 48
2 3 63
1 3 53
3 4 77
1 3 94
9 10
2 9 76
1 6 2
3 8 48
1 5 5
1 8 78
4 6 38
3 7 86
3 6 16
1 9 3
6 8 7
5 4
1 3 88
1 2 32
1 4 50
1 2 15
11 1
7 8 76
6 10
2 4 21
3 5 11
2 3 25
3 5 16
1 4 80
1 4 26
2 4 41
1 2 71
3 5 18
1 2 44
2 3
1 2 51
1 2 68
1 2 25
8 3
2 3 64
1 2 5
6 7 9
6 9
2 6 36
3 5 62
4 5 71
5 6 82
1 6 19
3 6 18
2 4 93
4 5 25
3 6 95
10 7
4 5 30
2 5 24
3 7 60
8 10 54
8 9 48
2 7 2
6 8 12
4 4
1 4 79
2 4 60
1 4 14
2 3 74
9 6
7 9 73
3 7 67
3 5 44
4 9 61
6 7 56
2 4 35
4 9
3 4 37
1 4 47
3 4 71
2 4 65
2 4 81
1 2 77
3 4 17
1 4 91
1 2 75
6 2
3 4 62
1 2 86
11 4
8 10 17
2 3 72
5 7 45
3 7 17
7 2
2 3 31
2 4 99
2 10
1 2 21
1 2 79
1 2 29
1 2 57
1 2 57
1 2 99
1 2 46
1 2 68
1 2 42
1 2 33
7 8
3 5 82
5 7 68
1 6 93
5 7 97
3 5 35
4 5 8
2 4 91
3 5 66
3 10
1 3 80
1 3 5
1 3 77
1 3 91
2 3 30
2 3 32
1 2 51
1 3 70
2 3 96
1 3 41
2 6
1 2 6
1 2 89
1 2 99
1 2 89
1 2 62
1 2 25
5 10
1 2 100
1 4 26
2 5 98
1 3 86
2 4 25
4 5 73
3 4 48
1 4 73
1 4 63
1 2 80
6 6
3 6 31
4 6 36
2 3 41
2 3 61
3 6 58
2 6 49
3 9
1 3 2
1 2 14
1 3 8
1 2 76
1 3 20
1 2 67
1 2 15
2 3 45
2 3 87
3 3
1 3 57
2 3 82
1 3 73
3 8
1 3 98
2 3 37
1 2 27
1 3 4
2 3 56
1 2 38
1 2 44
1 3 62
10 6
2 7 11
1 7 55
3 5 48
4 7 28
6 9 94
6 10 35
8 5
1 4 22
2 5 57
1 7 39
5 7 26
3 6 35
5 4
3 5 96
1 2 81
1 4 58
1 4 26
9 2
4 8 38
1 2 58
2 7
1 2 70
1 2 68
1 2 93
1 2 17
1 2 26
1 2 96
1 2 91
3 7
1 3 60
1 2 98
1 3 62
1 2 85
1 3 25
1 2 8
2 3 75
7 3
4 6 15
3 5 85
2 7 7
4 6
1 4 56
1 3 12
2 4 62
1 2 50
2 4 98
1 2 1
7 3
4 7 83
3 7 48
3 6 16
7 1
2 7 5
8 3
1 7 32
3 8 16
7 8 82
4 5
3 4 80
3 4 83
1 4 94
3 4 29
3 4 8
6 5
2 6 80
5 6 91
2 3 75
3 5 9
2 6 51
9 9
7 9 29
2 9 85
1 8 35
3 9 57
6 9 56
1 8 66
1 3 75
6 7 64
5 7 69
3 4
1 2 36
2 3 19
2 3 68
1 2 23
6 4
2 4 10
5 6 43
4 6 33
2 4 3
7 1
4 7 24
5 8
1 2 81
3 5 95
1 5 63
2 5 82
2 4 93
3 4 65
2 3 72
1 3 72
11 6
6 11 78
2 5 27
5 6 3
5 6 43
2 7 3
3 7 4
6 10
4 6 60
1 6 66
1 3 97
4 5 17
4 5 95
4 6 35
4 6 6
3 6 64
1 4 75
1 2 52
10 8
6 9 87
6 7 15
4 6 81
6 7 67
3 9 89
8 9 39
4 7 4
3 8 78
8 3
4 5 89
2 7 93
3 5 19
7 8
6 7 56
6 7 13
1 4 27
3 6 75
2 7 51
1 6 25
1 4 78
5 6 22
3 2
1 3 37
1 3 37
8 10
1 4 45
2 3 10
5 6 64
4 7 99
1 4 84
1 6 28
3 6 77
5 6 95
1 4 53
2 7 33
3 2
1 3 47
2 3 80
4 4
1 2 81
1 3 5
1 4 81
3 4 38
2 5
1 2 16
1 2 11
1 2 65
1 2 12
1 2 98
2 2
1 2 52
1 2 36
3 1
1 2 16
2 2
1 2 43
1 2 63
10 10
1 4 73
2 10 8
5 6 38
1 3 83
6 9 97
3 10 71
2 5 2
1 8 6
1 3 90
4 5 88
3 7
2 3 25
1 3 96
1 2 33
1 2 3
2 3 75
2 3 4
1 2 43
2 9
1 2 50
1 2 69
1 2 79
1 2 94
1 2 38
1 2 9
1 2 18
1 2 72
1 2 73
11 3
6 7 51
4 7 30
1 10 100
6 10
4 6 50
2 5 53
1 2 65
1 5 12
2 4 90
2 4 80
1 3 27
3 4 81
3 6 24
1 6 26
11 9
1 7 9
5 7 21
2 10 53
3 4 83
10 11 3
5 11 6
6 11 44
3 7 84
4 8 60
9 3
2 5 16
3 6 76
6 7 54
2 7
1 2 67
1 2 93
1 2 78
1 2 72
1 2 75
1 2 98
1 2 18
4 9
1 3 99
1 3 55
2 4 40
2 3 88
2 4 92
3 4 51
2 4 24
2 3 69
1 3 65
11 7
4 9 34
2 9 100
1 4 86
7 11 100
6 7 99
8 10 53
4 11 9
7 6
1 3 86
4 6 7
1 5 35
4 7 51
1 2 69
5 7 47
6 9
3 6 21
2 6 33
3 4 92
2 6 21
1 3 18
3 5 53
4 6 63
1 5 14
3 6 58
9 7
4 9 34
5 8 39
4 8 31
2 6 58
1 5 73
3 5 70
1 5 18
6 9
5 6 93
2 3 53
2 3 26
2 5 78
2 4 12
2 3 97
4 6 28
5 6 48
1 4 84
4 4
3 4 51
3 4 8
1 2 24
1 2 48
2 9
1 2 2
1 2 64
1 2 100
1 2 10
1 2 67
1 2 23
1 2 60
1 2 19
1 2 61
2 8
1 2 30
1 2 5
1 2 40
1 2 28
1 2 28
1 2 10
1 2 50
1 2 22
7 2
1 3 88
4 5 20
3 5
2 3 34
2 3 88
2 3 19
2 3 29
1 2 40
6 8
2 6 76
2 4 89
4 5 36
1 5 82
1 5 73
1 5 85
1 2 16
3 5 18
2 7
1 2 71
1 2 98
1 2 62
1 2 13
1 2 36
1 2 40
1 2 82
10 3
6 8 58
3 4 59
1 4 61
8 4
5 6 88
1 3 31
5 7 35
3 8 19
3 3
1 3 40
1 3 6
2 3 16
10 5
5 7 65
7 8 11
6 9 52
1 8 66
3 8 47
9 9
8 9 68
2 7 79
6 9 4
7 9 96
2 6 58
1 4 5
5 7 90
2 8 75
4 7 25
10 4
5 8 14
1 3 48
8 10 97
4 9 57
11 4
4 10 76
3 9 27
7 9 84
3 4 95
5 2
1 5 54
1 4 76
7 3
2 4 67
1 2 75
3 5 86
6 8
1 2 30
1 3 71
1 2 32
1 2 74
3 6 49
4 6 4
1 6 80
4 5 69
4 9
3 4 1
3 4 44
1 4 48
1 4 12
1 3 95
1 3 90
1 4 87
1 3 75
2 3 43
10 9
4 5 99
3 6 33
8 10 34
3 6 33
6 7 16
5 6 12
8 9 35
1 6 53
5 8 33
5 8
2 4 78
4 5 49
4 5 19
1 5 30
1 3 59
3 5 88
4 5 86
4 5 45
3 10
1 3 68
2 3 52
2 3 61
1 2 95
2 3 7
1 3 3
2 3 55
2 3 66
1 2 49
1 3 67
7 3
5 6 4
4 7 87
2 4 22
11 2
1 5 90
5 7 66
3 2
1 3 3
2 3 87
10 3
3 8 86
5 7 100
5 7 33
9 10
4 7 10
1 3 44
6 9 50
2 3 50
5 9 5
4 8 25
2 3 43
2 7 97
1 7 14
4 6 91
9 9
5 7 9
5 9 66
6 8 93
3 7 52
1 4 15
2 4 76
4 6 78
7 8 65
6 9 72
4 5
2 3 61
2 3 39
1 3 61
1 2 87
2 4 87
4 5
2 4 5
1 3 26
2 3 39
1 4 28
3 4 100
3 4
1 2 4
2 3 100
1 3 37
1 2 55
11 7
5 8 100
2 6 50
4 5 30
2 5 10
1 11 11
10 11 69
4 8 31
10 8
3 8 35
6 9 42
2 6 83
5 8 91
7 10 22
1 8 1
2 4 9
7 8 77
9 8
3 5 21
5 8 100
5 6 33
1 6 61
7 9 18
7 8 69
2 4 57
1 4 85
9 9
4 7 14
6 9 10
2 4 18
2 7 34
3 7 12
2 4 86
5 6 35
2 7 34
5 7 54
7 1
3 6 48
7 6
1 3 49
3 6 2
4 7 98
1 5 54
1 6 96
5 7 76
9 6
5 6 66
3 7 74
3 5 28
1 4 59
2 9 42
1 5 96
11 7
4 6 70
1 7 35
4 7 75
2 6 80
1 6 19
5 8 77
2 4 15
4 3
1 4 22
2 3 52
2 4 84
7 8
4 5 58
1 6 62
1 4 88
3 7 23
2 5 15
1 6 8
3 6 26
6 7 80
8 6
3 6 66
2 5 20
1 7 52
2 6 2
1 3 78
5 7 50
9 8
3 8 60
4 8 56
5 6 53
3 7 93
4 7 5
5 9 35
2 9 1
7 8 8
3 6
1 3 90
1 3 10
1 2 84
1 3 49
1 3 16
1 2 85
8 4
1 4 23
2 5 37
1 2 64
3 4 11
11 5
2 6 59
8 10 87
7 11 25
9 11 1
8 9 79
2 9
1 2 10
1 2 20
1 2 100
1 2 68
1 2 40
1 2 81
1 2 60
1 2 35
1 2 56
2 10
1 2 36
1 2 11
1 2 76
1 2 61
1 2 68
1 2 84
1 2 96
1 2 29
1 2 5
1 2 29
9 4
2 7 27
3 9 35
3 5 22
1 8 12
4 2
2 4 2
3 4 15
7 10
3 4 54
2 7 72
1 5 22
3 7 99
1 3 72
4 6 77
4 7 6
3 7 53
2 4 72
5 7 14
6 8
3 5 45
3 5 20
2 3 8
2 5 13
1 6 25
5 6 54
2 3 82
2 4 38
10 10
3 4 54
2 7 88
2 5 9
9 10 29
4 6 39
7 10 6
3 9 50
2 5 14
2 3 82
2 5 95
3 9
1 3 54
1 2 36
2 3 6
1 3 90
1 2 27
1 2 21
2 3 4
1 2 62
2 3 34
6 6
1 3 60
4 6 28
2 5 27
5 6 29
3 6 36
1 5 16
5 6
1 3 26
1 2 39
3 4 20
4 5 47
2 3 12
2 5 40
10 9
2 7 16
1 5 92
1 8 10
3 8 3
2 7 61
3 5 78
4 8 19
1 9 69
3 5 17
8 7
2 5 74
2 8 62
2 4 76
3 6 74
5 7 39
3 5 50
2 6 40
2 9
1 2 96
1 2 17
1 2 66
1 2 64
1 2 79
1 2 69
1 2 91
1 2 78
1 2 46
9 2
1 9 3
8 9 39
9 7
4 9 80
6 8 66
4 6 56
3 6 30
4 6 94
3 5 66
5 9 16
4 5
1 2 79
1 4 39
2 3 93
1 3 5
1 2 64
10 1
1 2 18
11 9
4 6 85
10 11 14
9 11 30
3 7 55
8 10 78
7 9 37
6 8 73
2 6 27
2 5 65
10 7
4 10 20
3 5 57
3 5 55
6 8 57
2 7 88
3 4 34
1 3 14
2 7
1 2 51
1 2 13
1 2 28
1 2 36
1 2 10
1 2 20
1 2 4
11 7
5 7 74
5 11 28
6 11 27
5 11 78
6 7 8
1 11 67
9 10 19
4 3
3 4 74
1 3 91
2 4 94
4 9
2 4 49
1 2 94
1 4 98
2 3 21
1 3 36
2 3 90
2 4 83
3 4 26
2 4 27
9 1
5 6 88
10 9
1 9 11
2 3 50
4 5 6
1 2 16
2 9 56
4 6 42
4 5 62
1 9 91
2 4 20
4 4
2 3 59
1 4 57
1 4 33
1 3 68
10 7
5 9 38
4 5 92
6 10 14
5 8 86
3 9 66
2 7 1
8 9 83
4 8
1 3 23
2 3 4
3 4 23
1 4 59
1 3 95
1 3 80
1 3 83
2 4 65
7 9
4 7 65
5 7 42
6 7 1
3 7 1
3 5 48
3 7 64
4 7 53
1 2 84
5 7 80
3 5
2 3 4
2 3 66
2 3 46
1 2 12
1 3 53
6 3
1 2 35
1 5 89
2 5 86
10 5
3 6 53
5 9 10
6 9 63
5 6 43
1 10 44
2 4
1 2 38
1 2 9
1 2 6
1 2 76
7 3
2 4 6
1 3 25
1 6 54
9 3
2 9 73
6 8 4
3 5 6
11 2
1 7 70
2 5 64
7 3
1 7 74
2 5 67
5 7 67
9 10
5 7 77
3 4 26
1 9 69
4 6 15
3 6 16
5 9 59
4 6 46
5 6 84
1 7 35
6 7 50
2 2
1 2 98
1 2 57
6 1
1 4 20
8 8
3 6 100
2 8 47
3 8 82
1 6 82
6 7 96
1 6 98
2 7 93
1 3 61
10 1
4 8 53
5 4
2 3 23
1 2 97
2 5 79
1 2 92
3 7
1 3 78
1 3 13
1 3 71
1 3 80
2 3 84
1 3 24
1 2 3
7 9
3 4 85
4 5 92
3 4 75
1 2 9
2 3 29
1 7 96
5 6 90
3 4 79
4 5 1
7 4
5 6 12
1 4 82
6 7 100
4 6 81
8 7
4 7 24
2 5 36
5 6 26
5 8 32
1 3 68
3 6 71
1 7 37
8 1
3 7 27
6 8
2 4 45
3 6 10
4 6 45
1 6 98
4 6 24
1 4 32
1 6 93
3 4 2
7 2
5 6 19
1 2 50
6 3
3 6 47
1 2 92
3 5 91
6 10
1 3 17
1 2 31
3 4 31
2 6 34
2 3 16
4 6 7
4 6 74
2 4 97
1 2 56
4 6 44
7 10
1 6 69
1 2 77
1 7 19
5 6 81
5 6 44
5 6 11
3 4 14
4 5 97
4 6 2
4 6 5
10 4
2 9 94
2 5 78
1 9 68
5 10 85
2 7
1 2 58
1 2 34
1 2 79
1 2 96
1 2 63
1 2 15
1 2 3
3 4
1 3 94
2 3 84
1 2 49
1 2 61
6 10
4 5 55
4 6 22
4 6 8
3 5 49
4 5 66
3 5 33
1 3 44
1 4 85
2 6 31
2 5 95
2 10
1 2 90
1 2 48
1 2 55
1 2 12
1 2 99
1 2 94
1 2 72
1 2 36
1 2 30
1 2 86
2 2
1 2 18
1 2 75
2 5
1 2 78
1 2 97
1 2 90
1 2 80
1 2 57
6 5
1 5 90
2 6 61
3 6 20
3 5 93
5 6 54
9 2
4 5 20
2 5 93
6 7
4 5 80
5 6 4
1 4 63
4 5 85
4 5 61
1 3 91
1 4 53
11 4
2 8 6
5 11 33
2 8 4
9 10 4
2 9
1 2 47
1 2 77
1 2 39
1 2 68
1 2 57
1 2 23
1 2 8
1 2 82
1 2 26
5 3
2 3 47
3 4 61
2 4 94
6 1
4 5 49
6 7
2 6 47
1 3 77
3 5 50
1 5 12
3 4 39
5 6 69
1 4 83
9 10
7 8 57
3 5 81
4 8 34
1 2 6
8 9 14
3 4 58
4 9 32
2 4 82
2 9 92
5 8 46
2 9
1 2 71
1 2 29
1 2 46
1 2 25
1 2 8
1 2 99
1 2 25
1 2 27
1 2 24
2 2
1 2 8
1 2 95
3 4
1 2 72
1 3 35
1 3 68
2 3 45
11 5
8 9 48
4 11 83
4 8 41
3 5 86
6 8 81
8 1
5 6 45
10 10
1 7 55
1 8 69
6 10 78
1 5 37
6 9 51
1 10 81
7 10 5
6 7 61
7 8 73
5 7 84
10 1
3 10 55
8 10
5 7 67
5 6 29
1 8 62
2 5 20
1 6 82
3 6 25
1 3 21
5 8 83
2 4 42
2 3 22
6 1
3 6 7
7 3
2 4 81
2 4 86
1 3 64
6 8
1 5 44
1 4 61
1 3 20
3 5 58
2 6 100
4 6 50
3 6 65
3 6 47
5 9
3 5 52
2 5 45
2 4 17
2 5 62
1 2 29
1 2 11
2 5 76
1 3 48
2 5 87
6 8
3 6 48
2 4 69
1 2 21
1 3 94
1 3 5
4 5 21
3 4 31
3 6 2
6 1
3 6 32
4 7
1 3 59
3 4 25
2 3 73
1 2 1
2 3 4
1 4 57
1 2 35
4 8
3 4 65
2 4 31
2 4 4
3 4 45
1 4 28
1 2 95
2 4 88
1 4 23
6 7
3 4 15
3 6 82
2 3 26
2 3 43
3 4 38
4 6 7
1 5 97
9 9
7 8 43
3 9 83
3 8 22
2 5 69
2 7 2
3 8 25
5 7 26
1 6 49
7 9 75
10 8
1 6 13
5 7 78
3 5 50
3 8 61
5 7 44
4 8 42
7 8 65
8 10 73
8 7
1 8 20
4 6 47
4 7 99
5 6 58
6 7 63
1 3 4
1 7 2
6 9
5 6 1
3 5 46
2 4 35
2 3 33
1 3 28
5 6 9
3 4 20
2 4 32
1 5 48
10 1
4 5 76
4 9
1 4 61
1 4 29
1 2 45
2 3 92
2 3 18
2 3 86
3 4 92
1 2 80
1 3 80
5 3
1 5 34
1 5 10
1 3 97
2 10
1 2 40
1 2 90
1 2 36
1 2 82
1 2 43
1 2 48
1 2 84
1 2 11
1 2 8
1 2 87
7 9
3 5 46
1 7 75
5 7 42
3 6 33
2 5 90
2 3 41
1 5 49
1 7 14
4 5 27
6 10
1 2 87
4 5 31
2 6 42
3 5 30
1 6 85
5 6 7
1 4 44
2 3 27
2 3 41
1 6 99
6 10
1 3 5
2 4 19
2 3 72
2 6 77
3 5 25
1 4 31
4 5 13
2 6 91
3 4 19
1 2 85
11 6
2 4 17
5 6 2
1 10 84
7 9 23
3 10 85
9 11 9
5 6
4 5 60
1 3 82
2 5 39
1 5 56
1 3 18
1 4 29
5 1
4 5 76
4 6
1 4 6
1 2 66
1 2 63
2 3 71
1 3 99
2 3 100
6 6
4 6 47
1 4 5
2 3 42
2 6 14
2 6 41
3 5 67
7 4
3 6 50
2 7 50
3 4 87
1 5 94
7 4
1 7 53
4 6 53
4 7 49
3 7 1
6 7
2 4 76
3 4 69
2 4 59
2 6 36
2 6 55
1 2 86
1 3 57
2 2
1 2 44
1 2 24
2 7
1 2 73
1 2 9
1 2 62
1 2 65
1 2 2
1 2 16
1 2 35
4 6
1 2 66
2 4 2
1 4 83
1 2 98
2 4 26
3 4 97
10 1
2 3 92
6 7
2 4 73
1 5 65
2 6 68
4 5 81
2 5 10
2 4 44
1 4 56
9 2
3 8 68
8 9 16
10 10
3 4 97
5 9 8
5 9 100
9 10 4
1 6 17
2 8 66
2 4 49
1 5 27
1 7 29
2 8 49
2 10
1 2 41
1 2 47
1 2 59
1 2 61
1 2 73
1 2 67
1 2 52
1 2 88
1 2 14
1 2 49
10 7
9 10 56
2 4 79
4 6 39
3 10 84
1 6 42
5 6 96
6 9 76
9 8
4 5 41
2 9 28
4 8 83
7 8 65
1 5 13
1 6 17
2 6 91
4 6 13
2 9
1 2 100
1 2 55
1 2 53
1 2 97
1 2 22
1 2 36
1 2 44
1 2 25
1 2 29
5 6
2 5 66
1 2 31
1 4 52
2 3 36
2 5 88
2 3 42
8 3
5 7 13
3 6 97
4 7 63
7 8
5 7 1
4 7 42
3 7 78
1 2 46
5 6 43
4 5 9
3 6 16
6 7 67
5 9
1 4 70
2 5 70
3 5 33
3 4 70
1 5 93
2 3 27
1 5 88
4 5 33
2 5 47
2 6
1 2 74
1 2 82
1 2 44
1 2 10
1 2 28
1 2 49
10 7
5 7 67
7 10 10
5 6 79
6 7 64
6 7 4
2 3 13
9 10 44
9 4
3 8 40
2 8 62
3 4 66
1 2 94
7 5
2 3 53
4 7 49
3 7 62
1 7 92
3 6 73
8 10
1 8 86
1 5 82
3 7 92
1 3 32
5 6 22
6 8 49
1 5 70
6 7 18
2 4 59
1 7 73
11 2
4 10 90
4 11 55
11 2
3 7 59
2 8 17
11 4
5 6 43
8 10 57
2 6 23
6 7 85
2 2
1 2 85
1 2 25
3 6
2 3 68
2 3 35
1 2 41
2 3 93
1 2 87
2 3 89
4 7
3 4 24
1 3 35
2 4 56
3 4 57
1 2 27
2 3 47
2 4 3
3 6
1 3 47
2 3 92
1 3 94
1 3 88
2 3 46
1 3 35
9 7
3 8 57
5 6 9
2 8 98
4 8 68
1 8 82
2 9 52
4 8 88
8 8
4 8 23
3 7 30
4 6 56
2 7 84
3 7 85
5 7 55
6 7 46
6 8 26
7 5
2 4 92
1 6 65
4 7 79
1 4 63
3 7 56
5 9
2 5 90
4 5 42
1 4 63
2 5 93
3 5 47
1 5 100
3 4 36
1 4 97
2 4 52
8 8
5 7 59
1 3 61
2 4 23
2 6 1
7 8 38
5 6 93
4 6 63
5 8 82
7 9
2 5 92
1 3 3
4 5 23
5 7 31
1 7 1
4 6 2
1 2 83
1 4 83
6 7 5
9 9
5 8 85
2 7 98
6 9 58
4 9 60
3 8 87
3 9 84
3 9 91
4 8 40
3 4 54
4 9
1 3 75
1 2 77
2 4 94
1 4 9
2 3 98
2 3 73
1 4 91
2 3 12
3 4 37
10 7
1 8 94
5 10 60
4 5 44
3 6 11
2 10 44
4 10 37
8 9 41
6 5
3 6 37
3 4 81
3 4 21
2 6 8
1 2 22
6 3
2 4 100
1 4 21
2 6 24
3 1
2 3 20
11 3
2 9 91
5 7 2
6 7 91
10 7
5 6 15
3 8 27
3 5 56
4 9 33
1 9 65
8 9 34
1 2 25
4 10
2 4 2
2 3 21
2 3 33
2 4 45
1 3 3
2 4 93
2 3 34
1 2 34
1 2 49
1 2 20
3 3
2 3 63
1 3 90
1 2 39
9 2
6 7 81
7 8 73
3 5
1 2 94
2 3 48
1 2 61
1 2 38
1 3 70
9 4
1 7 96
4 5 86
3 9 33
1 4 98
7 3
1 4 74
2 3 79
4 7 3
11 9
2 3 44
3 9 73
1 10 43
1 6 82
10 11 92
6 9 34
2 6 72
1 7 72
1 3 54
7 6
1 7 10
6 7 53
1 3 54
3 7 16
2 5 57
4 5 1
6 8
2 4 67
2 6 98
2 6 4
1 4 70
3 5 52
1 5 5
5 6 67
1 4 58
5 4
2 5 5
3 5 29
3 4 63
1 5 90
3 3
2 3 22
2 3 99
1 2 43
7 1
4 5 72
10 5
1 10 85
7 9 14
2 6 44
2 6 22
7 8 48
11 8
8 9 62
2 9 15
3 9 61
7 10 93
4 8 90
4 10 53
4 9 89
4 8 46
5 3
2 3 34
2 4 92
4 5 52
8 5
1 7 44
1 2 5
2 7 16
3 4 76
6 7 40
7 3
1 5 52
2 3 12
3 7 25
11 4
2 9 7
5 9 67
1 11 98
1 9 12
11 4
3 8 90
3 4 65
9 10 22
1 11 96
7 3
2 4 21
1 6 96
4 6 23
9 7
5 6 12
6 8 82
4 7 39
3 6 79
4 9 99
1 7 7
1 2 96
7 1
4 5 5
5 9
1 5 37
4 5 55
1 3 92
2 5 4
1 3 80
3 5 9
3 4 11
1 3 71
3 4 60
10 6
5 6 79
2 8 17
8 9 97
7 9 30
3 6 20
5 7 70
8 2
5 6 35
2 7 27
5 6
1 3 81
1 4 51
3 5 10
4 5 17
3 4 26
2 4 2
8 7
1 7 78
2 5 27
3 8 100
2 4 25
3 6 10
6 7 74
3 7 3
7 5
2 6 91
2 4 1
1 7 43
4 5 71
3 6 22
7 10
3 7 43
2 7 7
1 6 3
4 7 5
2 6 28
1 7 32
3 6 38
3 4 23
5 7 70
3 4 89
5 6
2 5 10
1 3 9
1 2 76
3 5 81
1 3 91
4 5 10
10 2
3 7 36
1 7 6
10 3
3 6 93
3 8 10
1 2 80
6 3
1 2 45
4 5 29
5 6 79
3 2
1 2 52
2 3 41
3 5
2 3 100
1 3 21
1 2 83
1 2 8
2 3 25
10 9
5 7 44
5 9 35
1 5 90
2 5 12
3 6 91
5 9 19
2 9 54
1 5 78
4 7 56
5 10
1 5 82
2 3 97
3 5 42
2 5 43
1 5 24
1 5 73
3 5 17
2 4 14
3 5 49
2 4 47
7 4
1 7 52
2 7 87
4 6 88
2 5 15
3 8
2 3 49
1 2 63
2 3 92
1 2 79
1 3 26
2 3 96
1 3 39
1 2 77
3 4
1 2 72
1 3 69
1 3 91
1 2 63
10 9
3 7 58
3 5 87
2 9 52
2 8 14
3 8 82
4 9 25
7 9 87
7 8 95
2 6 75
3 6
1 3 39
2 3 94
1 2 92
2 3 66
1 2 26
1 3 38
8 1
4 5 23
4 7
3 4 66
1 3 33
2 4 94
1 2 57
1 2 54
1 2 79
2 3 32
9 7
4 5 54
5 7 81
1 8 87
3 7 43
6 8 40
3 9 97
4 9 38
9 9
2 3 81
1 3 22
2 6 45
5 6 45
1 8 21
1 6 71
7 8 13
2 4 85
3 8 94
11 7
2 11 34
1 5 73
8 10 59
7 10 26
3 10 81
4 11 53
2 7 2
7 10
1 3 81
6 7 61
2 5 93
1 4 37
1 2 8
5 6 9
6 7 78
1 4 89
2 5 8
2 7 5
2 9
1 2 52
1 2 96
1 2 32
1 2 62
1 2 97
1 2 64
1 2 60
1 2 45
1 2 43
10 7
6 8 39
4 8 85
2 9 89
3 6 97
1 6 47
8 9 86
1 7 20
5 6
1 4 59
3 5 46
3 4 19
1 3 21
1 4 60
4 5 56
6 5
4 5 48
2 5 74
1 5 69
3 5 25
1 5 17
10 6
3 8 59
7 8 21
3 9 51
3 8 2
1 5 51
5 8 45
6 4
3 6 74
1 6 98
2 4 35
1 3 49
6 7
1 3 24
2 5 24
2 6 25
3 6 96
3 6 33
5 6 18
2 3 1
7 3
2 4 7
2 5 50
3 4 90
2 7
1 2 9
1 2 73
1 2 92
1 2 15
1 2 7
1 2 51
1 2 60
9 10
2 7 94
3 8 27
5 6 66
3 4 96
2 6 6
4 5 50
2 9 57
4 7 71
3 5 98
2 5 76
8 4
5 8 26
2 4 73
3 6 25
6 7 94
7 10
3 4 46
1 4 95
2 5 23
3 5 54
1 4 75
3 4 9
4 5 84
2 4 21
3 5 16
1 3 58
6 6
3 4 82
2 4 37
2 3 62
2 3 84
3 5 63
3 6 32
11 6
7 11 1
4 5 51
5 9 18
5 7 73
4 11 16
2 11 43
5 6
4 5 58
1 3 5
1 3 2
3 5 9
3 4 84
1 4 24
7 2
2 7 62
6 7 63
10 7
1 6 52
5 6 41
5 6 11
2 10 24
3 6 67
7 9 71
3 10 91
11 3
1 8 83
2 6 45
2 6 9
11 6
4 7 27
3 7 99
1 6 26
1 5 26
2 4 93
5 6 14
6 2
5 6 57
2 6 29
2 6
1 2 14
1 2 42
1 2 78
1 2 70
1 2 55
1 2 57
7 3
1 2 15
2 5 49
6 7 9
4 5
1 3 97
1 3 42
3 4 66
1 2 36
2 3 91
4 3
2 3 58
2 3 10
2 4 91
9 4
8 9 86
6 7 71
4 5 30
2 3 16
7 3
4 5 48
3 7 52
5 6 64
8 4
5 6 53
1 8 26
2 6 12
4 6 8
8 2
7 8 77
5 6 96
10 1
4 9 51
5 6
1 5 17
1 5 54
1 5 91
2 3 22
1 4 11
1 4 90
5 2
1 4 73
2 4 72
3 6
2 3 85
1 2 28
1 2 38
2 3 29
1 2 14
1 2 92
3 5
1 2 14
1 2 31
1 3 56
1 2 8
2 3 13
9 6
2 4 76
2 7 42
2 4 97
1 5 96
3 7 77
6 7 18
3 5
2 3 79
1 2 40
1 2 88
1 3 16
1 2 39
5 10
3 4 52
2 3 1
3 5 100
1 3 29
1 2 81
4 5 85
1 5 56
1 5 36
1 2 100
1 3 8
7 9
2 5 15
3 7 56
1 4 98
3 7 9
1 4 90
3 5 98
2 5 97
4 7 18
1 3 11
5 4
3 4 34
3 5 39
1 5 74
2 4 49
10 7
6 10 43
2 6 67
1 3 47
1 3 18
6 7 15
6 10 66
2 10 54
9 7
5 9 67
5 8 55
7 9 70
6 9 6
8 9 99
5 6 52
1 3 71
2 4
1 2 96
1 2 61
1 2 95
1 2 62
9 4
1 6 50
5 8 30
1 9 57
6 8 84
8 4
3 4 7
7 8 81
1 6 35
3 5 76
8 2
3 4 2
3 7 86
2 1
1 2 19
8 5
6 8 32
6 7 41
3 5 27
6 8 80
2 6 65
6 4
2 6 96
1 5 58
4 6 1
2 5 37
7 8
2 6 46
3 4 51
4 7 83
5 6 21
5 6 78
4 6 38
5 7 20
3 6 43
3 5
2 3 15
1 2 90
1 2 45
1 3 43
2 3 46
5 8
1 5 9
1 4 98
2 4 72
1 5 11
1 2 74
2 5 34
1 4 89
1 3 31
4 9
1 2 48
1 3 52
2 4 48
3 4 92
1 3 38
3 4 70
1 2 75
2 4 11
2 3 85
6 6
1 6 10
2 3 6
2 4 67
4 5 68
2 6 89
2 6 44
3 7
2 3 6
1 2 55
2 3 57
2 3 74
1 2 43
2 3 11
2 3 75
10 3
3 10 29
5 7 63
1 10 45
4 3
2 4 13
2 3 96
1 3 51
4 3
2 3 13
2 4 70
1 3 49
8 9
3 4 68
3 6 6
5 7 98
2 8 73
2 5 16
4 7 47
5 8 72
1 7 12
1 5 91
11 5
9 11 39
2 4 22
2 10 60
3 10 71
1 7 33
11 10
9 11 43
8 11 62
2 5 88
4 8 70
4 6 98
5 10 2
1 8 88
5 6 88
7 9 32
7 11 45
2 6
1 2 10
1 2 69
1 2 89
1 2 20
1 2 33
1 2 35
11 4
7 8 79
3 10 25
7 10 30
6 9 14
3 3
2 3 16
1 3 54
1 3 14
9 2
1 7 80
6 7 100
10 5
3 5 4
5 8 41
8 9 88
2 5 83
7 9 10
5 7
1 3 85
2 3 75
1 4 83
1 5 99
2 5 6
2 5 16
2 3 81
